
 96 47
 96 46
 96 45
 96 44
 96 43
 96 42
 96 41
 96 40
 96 39
 96 38
 96 37
 96 36
 96 35
 96 34
 96 33
 96 32
 96 31
 96 30
 96 29
 96 28
 96 27
 96 26
 96 25
 96 24
 96 23
 96 22
 96 21
 96 20
 96 19
 96 18
 96 17
 96 16
 96 15
 96 14
 96 13
 96 12
 96 11
 96 10
 96 9
 96 8
 96 7
 96 6
 96 5
 96 4
 96 3
 96 2
 96 10.07302593622764869 94
0.036512968113824346 157
0.05476945217073652 145
0.06389769419919261 116
0.06846181521342065 104
0.07074387572053467 98

 96 00.07302593622764869 94
0.036512968113824346 157
0.05476945217073652 145
0.06389769419919261 116
0.06846181521342065 104
0.07074387572053467 98
0.07188490597409168 97


96 0.0724554211008702 0
