
 98 481.041722908616066 7
-2.9623704478144646 268
-0.9603237695991993 268
0.04069956950843334 233
0.5412112390622497 25

 98 471.041722908616066 7
-2.9623704478144646 268
-0.9603237695991993 268
0.04069956950843334 233
0.5412112390622497 25

 98 461.041722908616066 7
-2.9623704478144646 268
-0.9603237695991993 268
0.04069956950843334 233
0.5412112390622497 25

 98 451.041722908616066 7
-2.9623704478144646 268
-0.9603237695991993 268
0.04069956950843334 233
0.5412112390622497 25

 98 441.041722908616066 7
-2.9623704478144646 268
-0.9603237695991993 268
0.04069956950843334 233
0.5412112390622497 25

 98 431.041722908616066 7
-2.9623704478144646 268
-0.9603237695991993 268
0.04069956950843334 233
0.5412112390622497 25

 98 421.041722908616066 7
-2.9623704478144646 268
-0.9603237695991993 268
0.04069956950843334 233
0.5412112390622497 25

 98 411.041722908616066 7
-2.9623704478144646 268
-0.9603237695991993 268
0.04069956950843334 233
0.5412112390622497 25

 98 401.041722908616066 7
-2.9623704478144646 268
-0.9603237695991993 268
0.04069956950843334 233
0.5412112390622497 25

 98 391.041722908616066 7
-2.9623704478144646 268
-0.9603237695991993 268
0.04069956950843334 233
0.5412112390622497 25

 98 381.041722908616066 7
-2.9623704478144646 268
-0.9603237695991993 268
0.04069956950843334 233
0.5412112390622497 25

 98 371.041722908616066 7
-2.9623704478144646 268
-0.9603237695991993 268
0.04069956950843334 233
0.5412112390622497 25

 98 361.041722908616066 7
-2.9623704478144646 268
-0.9603237695991993 268
0.04069956950843334 233
0.5412112390622497 25

 98 351.041722908616066 7
-2.9623704478144646 268
-0.9603237695991993 268
0.04069956950843334 233
0.5412112390622497 25

 98 341.041722908616066 7
-2.9623704478144646 268
-0.9603237695991993 268
0.04069956950843334 233
0.5412112390622497 25

 98 331.041722908616066 7
-2.9623704478144646 268
-0.9603237695991993 268
0.04069956950843334 233
0.5412112390622497 25

 98 321.041722908616066 7
-2.9623704478144646 268
-0.9603237695991993 268
0.04069956950843334 233
0.5412112390622497 25

 98 311.041722908616066 7
-2.9623704478144646 268
-0.9603237695991993 268
0.04069956950843334 233
0.5412112390622497 25

 98 301.041722908616066 7
-2.9623704478144646 268
-0.9603237695991993 268
0.04069956950843334 233
0.5412112390622497 25

 98 291.041722908616066 7
-2.9623704478144646 268
-0.9603237695991993 268
0.04069956950843334 233
0.5412112390622497 25

 98 281.041722908616066 7
-2.9623704478144646 268
-0.9603237695991993 268
0.04069956950843334 233
0.5412112390622497 25

 98 271.041722908616066 7
-2.9623704478144646 268
-0.9603237695991993 268
0.04069956950843334 233
0.5412112390622497 25

 98 261.041722908616066 7
-2.9623704478144646 268
-0.9603237695991993 268
0.04069956950843334 233
0.5412112390622497 25

 98 251.041722908616066 7
-2.9623704478144646 268
-0.9603237695991993 268
0.04069956950843334 233
0.5412112390622497 25
0.2909554042853415 72
0.16582748689688742 140

 98 241.041722908616066 7
-2.9623704478144646 268
-0.9603237695991993 268
0.04069956950843334 233
0.5412112390622497 25
0.2909554042853415 72
0.16582748689688742 140

 98 231.041722908616066 7
-2.9623704478144646 268
-0.9603237695991993 268
0.04069956950843334 233
0.5412112390622497 25
0.2909554042853415 72
0.16582748689688742 140

 98 221.041722908616066 7
-2.9623704478144646 268
-0.9603237695991993 268
0.04069956950843334 233
0.5412112390622497 25
0.2909554042853415 72
0.16582748689688742 140

 98 211.041722908616066 7
-2.9623704478144646 268
-0.9603237695991993 268
0.04069956950843334 233
0.5412112390622497 25
0.2909554042853415 72
0.16582748689688742 140

 98 201.041722908616066 7
-2.9623704478144646 268
-0.9603237695991993 268
0.04069956950843334 233
0.5412112390622497 25
0.2909554042853415 72
0.16582748689688742 140

 98 191.041722908616066 7
-2.9623704478144646 268
-0.9603237695991993 268
0.04069956950843334 233
0.5412112390622497 25
0.2909554042853415 72
0.16582748689688742 140

 98 181.041722908616066 7
-2.9623704478144646 268
-0.9603237695991993 268
0.04069956950843334 233
0.5412112390622497 25
0.2909554042853415 72
0.16582748689688742 140

 98 171.041722908616066 7
-2.9623704478144646 268
-0.9603237695991993 268
0.04069956950843334 233
0.5412112390622497 25
0.2909554042853415 72
0.16582748689688742 140

 98 161.041722908616066 7
-2.9623704478144646 268
-0.9603237695991993 268
0.04069956950843334 233
0.5412112390622497 25
0.2909554042853415 72
0.16582748689688742 140

 98 151.041722908616066 7
-2.9623704478144646 268
-0.9603237695991993 268
0.04069956950843334 233
0.5412112390622497 25
0.2909554042853415 72
0.16582748689688742 140

 98 141.041722908616066 7
-2.9623704478144646 268
-0.9603237695991993 268
0.04069956950843334 233
0.5412112390622497 25
0.2909554042853415 72
0.16582748689688742 140

 98 131.041722908616066 7
-2.9623704478144646 268
-0.9603237695991993 268
0.04069956950843334 233
0.5412112390622497 25
0.2909554042853415 72
0.16582748689688742 140

 98 121.041722908616066 7
-2.9623704478144646 268
-0.9603237695991993 268
0.04069956950843334 233
0.5412112390622497 25
0.2909554042853415 72
0.16582748689688742 140

 98 111.041722908616066 7
-2.9623704478144646 268
-0.9603237695991993 268
0.04069956950843334 233
0.5412112390622497 25
0.2909554042853415 72
0.16582748689688742 140

 98 101.041722908616066 7
-2.9623704478144646 268
-0.9603237695991993 268
0.04069956950843334 233
0.5412112390622497 25
0.2909554042853415 72
0.16582748689688742 140

 98 91.041722908616066 7
-2.9623704478144646 268
-0.9603237695991993 268
0.04069956950843334 233
0.5412112390622497 25
0.2909554042853415 72
0.16582748689688742 140

 98 81.041722908616066 7
-2.9623704478144646 268
-0.9603237695991993 268
0.04069956950843334 233
0.5412112390622497 25
0.2909554042853415 72
0.16582748689688742 140

 98 71.041722908616066 7
-2.9623704478144646 268
-0.9603237695991993 268
0.04069956950843334 233
0.5412112390622497 25
0.2909554042853415 72
0.16582748689688742 140

 98 61.041722908616066 7
-2.9623704478144646 268
-0.9603237695991993 268
0.04069956950843334 233
0.5412112390622497 25
0.2909554042853415 72
0.16582748689688742 140

 98 51.041722908616066 7
-2.9623704478144646 268
-0.9603237695991993 268
0.04069956950843334 233
0.5412112390622497 25
0.2909554042853415 72
0.16582748689688742 140

 98 41.041722908616066 7
-2.9623704478144646 268
-0.9603237695991993 268
0.04069956950843334 233
0.5412112390622497 25
0.2909554042853415 72
0.16582748689688742 140

 98 31.041722908616066 7
-2.9623704478144646 268
-0.9603237695991993 268
0.04069956950843334 233
0.5412112390622497 25
0.2909554042853415 72
0.16582748689688742 140

 98 21.041722908616066 7
-2.9623704478144646 268
-0.9603237695991993 268
0.04069956950843334 233
0.5412112390622497 25
0.2909554042853415 72
0.16582748689688742 140

 98 11.041722908616066 7
-2.9623704478144646 268
-0.9603237695991993 268
0.04069956950843334 233
0.5412112390622497 25
0.2909554042853415 72
0.16582748689688742 140
0.22839144559111446 96
0.19710946624400094 114
0.2127504559175577 106
0.22057095075433608 100

 98 01.041722908616066 7
-2.9623704478144646 268
-0.9603237695991993 268
0.04069956950843334 233
0.5412112390622497 25
0.2909554042853415 72
0.16582748689688742 140
0.22839144559111446 96
0.19710946624400094 114
0.2127504559175577 106
0.22057095075433608 100
0.22448119817272527 99


98 0.22643632188191987 0
