
 98 480.05700659625045745 40
0.028503298125228727 162

 98 470.05700659625045745 40
0.028503298125228727 162

 98 460.05700659625045745 40
0.028503298125228727 162

 98 450.05700659625045745 40
0.028503298125228727 162

 98 440.05700659625045745 40
0.028503298125228727 162

 98 430.05700659625045745 40
0.028503298125228727 162

 98 420.05700659625045745 40
0.028503298125228727 162

 98 410.05700659625045745 40
0.028503298125228727 162

 98 400.05700659625045745 40
0.028503298125228727 162

 98 390.05700659625045745 40
0.028503298125228727 162

 98 380.05700659625045745 40
0.028503298125228727 162

 98 370.05700659625045745 40
0.028503298125228727 162

 98 360.05700659625045745 40
0.028503298125228727 162

 98 350.05700659625045745 40
0.028503298125228727 162

 98 340.05700659625045745 40
0.028503298125228727 162

 98 330.05700659625045745 40
0.028503298125228727 162

 98 320.05700659625045745 40
0.028503298125228727 162

 98 310.05700659625045745 40
0.028503298125228727 162

 98 300.05700659625045745 40
0.028503298125228727 162

 98 290.05700659625045745 40
0.028503298125228727 162

 98 280.05700659625045745 40
0.028503298125228727 162

 98 270.05700659625045745 40
0.028503298125228727 162

 98 260.05700659625045745 40
0.028503298125228727 162

 98 250.05700659625045745 40
0.028503298125228727 162

 98 240.05700659625045745 40
0.028503298125228727 162

 98 230.05700659625045745 40
0.028503298125228727 162

 98 220.05700659625045745 40
0.028503298125228727 162

 98 210.05700659625045745 40
0.028503298125228727 162

 98 200.05700659625045745 40
0.028503298125228727 162

 98 190.05700659625045745 40
0.028503298125228727 162

 98 180.05700659625045745 40
0.028503298125228727 162

 98 170.05700659625045745 40
0.028503298125228727 162

 98 160.05700659625045745 40
0.028503298125228727 162

 98 150.05700659625045745 40
0.028503298125228727 162

 98 140.05700659625045745 40
0.028503298125228727 162

 98 130.05700659625045745 40
0.028503298125228727 162

 98 120.05700659625045745 40
0.028503298125228727 162

 98 110.05700659625045745 40
0.028503298125228727 162

 98 100.05700659625045745 40
0.028503298125228727 162

 98 90.05700659625045745 40
0.028503298125228727 162

 98 80.05700659625045745 40
0.028503298125228727 162

 98 70.05700659625045745 40
0.028503298125228727 162

 98 60.05700659625045745 40
0.028503298125228727 162

 98 50.05700659625045745 40
0.028503298125228727 162

 98 40.05700659625045745 40
0.028503298125228727 162

 98 30.05700659625045745 40
0.028503298125228727 162

 98 20.05700659625045745 40
0.028503298125228727 162

 98 10.05700659625045745 40
0.028503298125228727 162
0.04275494718784309 100
0.04988077171915027 58
0.04631785945349668 76
0.04453640332066988 91
0.043645675254256486 94
0.04320031122104979 94

 98 00.05700659625045745 40
0.028503298125228727 162
0.04275494718784309 100
0.04988077171915027 58
0.04631785945349668 76
0.04453640332066988 91
0.043645675254256486 94
0.04320031122104979 94
0.042977629204446435 99
0.043088970212748115 95
0.043033299708597275 99


99 0.042977629204446435 1
