
 98 484.564993696287274 2
2.2833753395825624 5
1.1425661612302065 12
0.5721615720540285 47

 98 474.564993696287274 2
2.2833753395825624 5
1.1425661612302065 12
0.5721615720540285 47

 98 464.564993696287274 2
2.2833753395825624 5
1.1425661612302065 12
0.5721615720540285 47

 98 454.564993696287274 2
2.2833753395825624 5
1.1425661612302065 12
0.5721615720540285 47

 98 444.564993696287274 2
2.2833753395825624 5
1.1425661612302065 12
0.5721615720540285 47

 98 434.564993696287274 2
2.2833753395825624 5
1.1425661612302065 12
0.5721615720540285 47

 98 424.564993696287274 2
2.2833753395825624 5
1.1425661612302065 12
0.5721615720540285 47

 98 414.564993696287274 2
2.2833753395825624 5
1.1425661612302065 12
0.5721615720540285 47

 98 404.564993696287274 2
2.2833753395825624 5
1.1425661612302065 12
0.5721615720540285 47

 98 394.564993696287274 2
2.2833753395825624 5
1.1425661612302065 12
0.5721615720540285 47

 98 384.564993696287274 2
2.2833753395825624 5
1.1425661612302065 12
0.5721615720540285 47

 98 374.564993696287274 2
2.2833753395825624 5
1.1425661612302065 12
0.5721615720540285 47

 98 364.564993696287274 2
2.2833753395825624 5
1.1425661612302065 12
0.5721615720540285 47

 98 354.564993696287274 2
2.2833753395825624 5
1.1425661612302065 12
0.5721615720540285 47

 98 344.564993696287274 2
2.2833753395825624 5
1.1425661612302065 12
0.5721615720540285 47

 98 334.564993696287274 2
2.2833753395825624 5
1.1425661612302065 12
0.5721615720540285 47

 98 324.564993696287274 2
2.2833753395825624 5
1.1425661612302065 12
0.5721615720540285 47

 98 314.564993696287274 2
2.2833753395825624 5
1.1425661612302065 12
0.5721615720540285 47

 98 304.564993696287274 2
2.2833753395825624 5
1.1425661612302065 12
0.5721615720540285 47

 98 294.564993696287274 2
2.2833753395825624 5
1.1425661612302065 12
0.5721615720540285 47

 98 284.564993696287274 2
2.2833753395825624 5
1.1425661612302065 12
0.5721615720540285 47

 98 274.564993696287274 2
2.2833753395825624 5
1.1425661612302065 12
0.5721615720540285 47

 98 264.564993696287274 2
2.2833753395825624 5
1.1425661612302065 12
0.5721615720540285 47

 98 254.564993696287274 2
2.2833753395825624 5
1.1425661612302065 12
0.5721615720540285 47

 98 244.564993696287274 2
2.2833753395825624 5
1.1425661612302065 12
0.5721615720540285 47

 98 234.564993696287274 2
2.2833753395825624 5
1.1425661612302065 12
0.5721615720540285 47

 98 224.564993696287274 2
2.2833753395825624 5
1.1425661612302065 12
0.5721615720540285 47

 98 214.564993696287274 2
2.2833753395825624 5
1.1425661612302065 12
0.5721615720540285 47

 98 204.564993696287274 2
2.2833753395825624 5
1.1425661612302065 12
0.5721615720540285 47

 98 194.564993696287274 2
2.2833753395825624 5
1.1425661612302065 12
0.5721615720540285 47

 98 184.564993696287274 2
2.2833753395825624 5
1.1425661612302065 12
0.5721615720540285 47

 98 174.564993696287274 2
2.2833753395825624 5
1.1425661612302065 12
0.5721615720540285 47

 98 164.564993696287274 2
2.2833753395825624 5
1.1425661612302065 12
0.5721615720540285 47

 98 154.564993696287274 2
2.2833753395825624 5
1.1425661612302065 12
0.5721615720540285 47

 98 144.564993696287274 2
2.2833753395825624 5
1.1425661612302065 12
0.5721615720540285 47

 98 134.564993696287274 2
2.2833753395825624 5
1.1425661612302065 12
0.5721615720540285 47

 98 124.564993696287274 2
2.2833753395825624 5
1.1425661612302065 12
0.5721615720540285 47

 98 114.564993696287274 2
2.2833753395825624 5
1.1425661612302065 12
0.5721615720540285 47

 98 104.564993696287274 2
2.2833753395825624 5
1.1425661612302065 12
0.5721615720540285 47

 98 94.564993696287274 2
2.2833753395825624 5
1.1425661612302065 12
0.5721615720540285 47

 98 84.564993696287274 2
2.2833753395825624 5
1.1425661612302065 12
0.5721615720540285 47

 98 74.564993696287274 2
2.2833753395825624 5
1.1425661612302065 12
0.5721615720540285 47

 98 64.564993696287274 2
2.2833753395825624 5
1.1425661612302065 12
0.5721615720540285 47

 98 54.564993696287274 2
2.2833753395825624 5
1.1425661612302065 12
0.5721615720540285 47

 98 44.564993696287274 2
2.2833753395825624 5
1.1425661612302065 12
0.5721615720540285 47

 98 34.564993696287274 2
2.2833753395825624 5
1.1425661612302065 12
0.5721615720540285 47

 98 24.564993696287274 2
2.2833753395825624 5
1.1425661612302065 12
0.5721615720540285 47

 98 14.564993696287274 2
2.2833753395825624 5
1.1425661612302065 12
0.5721615720540285 47
0.2869592774659395 100
0.429560424759984 66
0.35825985111296177 84
0.32260956428945065 90
0.3047844208776951 95

 98 04.564993696287274 2
2.2833753395825624 5
1.1425661612302065 12
0.5721615720540285 47
0.2869592774659395 100
0.429560424759984 66
0.35825985111296177 84
0.32260956428945065 90
0.3047844208776951 95


98 0.2958718491718173 1
