
 96 477.771134730428457 5
3.8877857886254787 6
1.9461113177239895 29

 96 467.771134730428457 5
3.8877857886254787 6
1.9461113177239895 29

 96 457.771134730428457 5
3.8877857886254787 6
1.9461113177239895 29

 96 447.771134730428457 5
3.8877857886254787 6
1.9461113177239895 29

 96 437.771134730428457 5
3.8877857886254787 6
1.9461113177239895 29

 96 427.771134730428457 5
3.8877857886254787 6
1.9461113177239895 29

 96 417.771134730428457 5
3.8877857886254787 6
1.9461113177239895 29

 96 407.771134730428457 5
3.8877857886254787 6
1.9461113177239895 29

 96 397.771134730428457 5
3.8877857886254787 6
1.9461113177239895 29

 96 387.771134730428457 5
3.8877857886254787 6
1.9461113177239895 29

 96 377.771134730428457 5
3.8877857886254787 6
1.9461113177239895 29

 96 367.771134730428457 5
3.8877857886254787 6
1.9461113177239895 29

 96 357.771134730428457 5
3.8877857886254787 6
1.9461113177239895 29

 96 347.771134730428457 5
3.8877857886254787 6
1.9461113177239895 29

 96 337.771134730428457 5
3.8877857886254787 6
1.9461113177239895 29

 96 327.771134730428457 5
3.8877857886254787 6
1.9461113177239895 29

 96 317.771134730428457 5
3.8877857886254787 6
1.9461113177239895 29

 96 307.771134730428457 5
3.8877857886254787 6
1.9461113177239895 29

 96 297.771134730428457 5
3.8877857886254787 6
1.9461113177239895 29

 96 287.771134730428457 5
3.8877857886254787 6
1.9461113177239895 29

 96 277.771134730428457 5
3.8877857886254787 6
1.9461113177239895 29

 96 267.771134730428457 5
3.8877857886254787 6
1.9461113177239895 29

 96 257.771134730428457 5
3.8877857886254787 6
1.9461113177239895 29

 96 247.771134730428457 5
3.8877857886254787 6
1.9461113177239895 29

 96 237.771134730428457 5
3.8877857886254787 6
1.9461113177239895 29
0.9752740822732449 72
0.48985546454787254 121

 96 227.771134730428457 5
3.8877857886254787 6
1.9461113177239895 29
0.9752740822732449 72
0.48985546454787254 121

 96 217.771134730428457 5
3.8877857886254787 6
1.9461113177239895 29
0.9752740822732449 72
0.48985546454787254 121

 96 207.771134730428457 5
3.8877857886254787 6
1.9461113177239895 29
0.9752740822732449 72
0.48985546454787254 121

 96 197.771134730428457 5
3.8877857886254787 6
1.9461113177239895 29
0.9752740822732449 72
0.48985546454787254 121

 96 187.771134730428457 5
3.8877857886254787 6
1.9461113177239895 29
0.9752740822732449 72
0.48985546454787254 121

 96 177.771134730428457 5
3.8877857886254787 6
1.9461113177239895 29
0.9752740822732449 72
0.48985546454787254 121

 96 167.771134730428457 5
3.8877857886254787 6
1.9461113177239895 29
0.9752740822732449 72
0.48985546454787254 121

 96 157.771134730428457 5
3.8877857886254787 6
1.9461113177239895 29
0.9752740822732449 72
0.48985546454787254 121

 96 147.771134730428457 5
3.8877857886254787 6
1.9461113177239895 29
0.9752740822732449 72
0.48985546454787254 121

 96 137.771134730428457 5
3.8877857886254787 6
1.9461113177239895 29
0.9752740822732449 72
0.48985546454787254 121

 96 127.771134730428457 5
3.8877857886254787 6
1.9461113177239895 29
0.9752740822732449 72
0.48985546454787254 121

 96 117.771134730428457 5
3.8877857886254787 6
1.9461113177239895 29
0.9752740822732449 72
0.48985546454787254 121

 96 107.771134730428457 5
3.8877857886254787 6
1.9461113177239895 29
0.9752740822732449 72
0.48985546454787254 121

 96 97.771134730428457 5
3.8877857886254787 6
1.9461113177239895 29
0.9752740822732449 72
0.48985546454787254 121

 96 87.771134730428457 5
3.8877857886254787 6
1.9461113177239895 29
0.9752740822732449 72
0.48985546454787254 121

 96 77.771134730428457 5
3.8877857886254787 6
1.9461113177239895 29
0.9752740822732449 72
0.48985546454787254 121

 96 67.771134730428457 5
3.8877857886254787 6
1.9461113177239895 29
0.9752740822732449 72
0.48985546454787254 121

 96 57.771134730428457 5
3.8877857886254787 6
1.9461113177239895 29
0.9752740822732449 72
0.48985546454787254 121
0.7325647734105587 102
0.8539194278419018 88

 96 47.771134730428457 5
3.8877857886254787 6
1.9461113177239895 29
0.9752740822732449 72
0.48985546454787254 121
0.7325647734105587 102
0.8539194278419018 88

 96 37.771134730428457 5
3.8877857886254787 6
1.9461113177239895 29
0.9752740822732449 72
0.48985546454787254 121
0.7325647734105587 102
0.8539194278419018 88

 96 27.771134730428457 5
3.8877857886254787 6
1.9461113177239895 29
0.9752740822732449 72
0.48985546454787254 121
0.7325647734105587 102
0.8539194278419018 88

 96 17.771134730428457 5
3.8877857886254787 6
1.9461113177239895 29
0.9752740822732449 72
0.48985546454787254 121
0.7325647734105587 102
0.8539194278419018 88
0.7932421006262302 94
0.7629034370183945 99

 96 07.771134730428457 5
3.8877857886254787 6
1.9461113177239895 29
0.9752740822732449 72
0.48985546454787254 121
0.7325647734105587 102
0.8539194278419018 88
0.7932421006262302 94
0.7629034370183945 99
0.7780727688223124 95
0.7704881029203534 97


96 0.7742804358713329 0
