
 96 470.33158233761787415 167
7.468226537108421 4
3.8999044373631477 6
2.115743387490511 11
1.2236628625541925 30

 96 460.33158233761787415 167
7.468226537108421 4
3.8999044373631477 6
2.115743387490511 11
1.2236628625541925 30

 96 450.33158233761787415 167
7.468226537108421 4
3.8999044373631477 6
2.115743387490511 11
1.2236628625541925 30

 96 440.33158233761787415 167
7.468226537108421 4
3.8999044373631477 6
2.115743387490511 11
1.2236628625541925 30

 96 430.33158233761787415 167
7.468226537108421 4
3.8999044373631477 6
2.115743387490511 11
1.2236628625541925 30

 96 420.33158233761787415 167
7.468226537108421 4
3.8999044373631477 6
2.115743387490511 11
1.2236628625541925 30

 96 410.33158233761787415 167
7.468226537108421 4
3.8999044373631477 6
2.115743387490511 11
1.2236628625541925 30

 96 400.33158233761787415 167
7.468226537108421 4
3.8999044373631477 6
2.115743387490511 11
1.2236628625541925 30

 96 390.33158233761787415 167
7.468226537108421 4
3.8999044373631477 6
2.115743387490511 11
1.2236628625541925 30

 96 380.33158233761787415 167
7.468226537108421 4
3.8999044373631477 6
2.115743387490511 11
1.2236628625541925 30

 96 370.33158233761787415 167
7.468226537108421 4
3.8999044373631477 6
2.115743387490511 11
1.2236628625541925 30

 96 360.33158233761787415 167
7.468226537108421 4
3.8999044373631477 6
2.115743387490511 11
1.2236628625541925 30

 96 350.33158233761787415 167
7.468226537108421 4
3.8999044373631477 6
2.115743387490511 11
1.2236628625541925 30

 96 340.33158233761787415 167
7.468226537108421 4
3.8999044373631477 6
2.115743387490511 11
1.2236628625541925 30

 96 330.33158233761787415 167
7.468226537108421 4
3.8999044373631477 6
2.115743387490511 11
1.2236628625541925 30

 96 320.33158233761787415 167
7.468226537108421 4
3.8999044373631477 6
2.115743387490511 11
1.2236628625541925 30

 96 310.33158233761787415 167
7.468226537108421 4
3.8999044373631477 6
2.115743387490511 11
1.2236628625541925 30

 96 300.33158233761787415 167
7.468226537108421 4
3.8999044373631477 6
2.115743387490511 11
1.2236628625541925 30

 96 290.33158233761787415 167
7.468226537108421 4
3.8999044373631477 6
2.115743387490511 11
1.2236628625541925 30

 96 280.33158233761787415 167
7.468226537108421 4
3.8999044373631477 6
2.115743387490511 11
1.2236628625541925 30

 96 270.33158233761787415 167
7.468226537108421 4
3.8999044373631477 6
2.115743387490511 11
1.2236628625541925 30
0.7776226000860333 68

 96 260.33158233761787415 167
7.468226537108421 4
3.8999044373631477 6
2.115743387490511 11
1.2236628625541925 30
0.7776226000860333 68

 96 250.33158233761787415 167
7.468226537108421 4
3.8999044373631477 6
2.115743387490511 11
1.2236628625541925 30
0.7776226000860333 68

 96 240.33158233761787415 167
7.468226537108421 4
3.8999044373631477 6
2.115743387490511 11
1.2236628625541925 30
0.7776226000860333 68

 96 230.33158233761787415 167
7.468226537108421 4
3.8999044373631477 6
2.115743387490511 11
1.2236628625541925 30
0.7776226000860333 68

 96 220.33158233761787415 167
7.468226537108421 4
3.8999044373631477 6
2.115743387490511 11
1.2236628625541925 30
0.7776226000860333 68

 96 210.33158233761787415 167
7.468226537108421 4
3.8999044373631477 6
2.115743387490511 11
1.2236628625541925 30
0.7776226000860333 68

 96 200.33158233761787415 167
7.468226537108421 4
3.8999044373631477 6
2.115743387490511 11
1.2236628625541925 30
0.7776226000860333 68

 96 190.33158233761787415 167
7.468226537108421 4
3.8999044373631477 6
2.115743387490511 11
1.2236628625541925 30
0.7776226000860333 68

 96 180.33158233761787415 167
7.468226537108421 4
3.8999044373631477 6
2.115743387490511 11
1.2236628625541925 30
0.7776226000860333 68

 96 170.33158233761787415 167
7.468226537108421 4
3.8999044373631477 6
2.115743387490511 11
1.2236628625541925 30
0.7776226000860333 68

 96 160.33158233761787415 167
7.468226537108421 4
3.8999044373631477 6
2.115743387490511 11
1.2236628625541925 30
0.7776226000860333 68

 96 150.33158233761787415 167
7.468226537108421 4
3.8999044373631477 6
2.115743387490511 11
1.2236628625541925 30
0.7776226000860333 68

 96 140.33158233761787415 167
7.468226537108421 4
3.8999044373631477 6
2.115743387490511 11
1.2236628625541925 30
0.7776226000860333 68

 96 130.33158233761787415 167
7.468226537108421 4
3.8999044373631477 6
2.115743387490511 11
1.2236628625541925 30
0.7776226000860333 68

 96 120.33158233761787415 167
7.468226537108421 4
3.8999044373631477 6
2.115743387490511 11
1.2236628625541925 30
0.7776226000860333 68
0.5546024688519537 109

 96 110.33158233761787415 167
7.468226537108421 4
3.8999044373631477 6
2.115743387490511 11
1.2236628625541925 30
0.7776226000860333 68
0.5546024688519537 109

 96 100.33158233761787415 167
7.468226537108421 4
3.8999044373631477 6
2.115743387490511 11
1.2236628625541925 30
0.7776226000860333 68
0.5546024688519537 109

 96 90.33158233761787415 167
7.468226537108421 4
3.8999044373631477 6
2.115743387490511 11
1.2236628625541925 30
0.7776226000860333 68
0.5546024688519537 109
0.6661125344689935 86

 96 80.33158233761787415 167
7.468226537108421 4
3.8999044373631477 6
2.115743387490511 11
1.2236628625541925 30
0.7776226000860333 68
0.5546024688519537 109
0.6661125344689935 86

 96 70.33158233761787415 167
7.468226537108421 4
3.8999044373631477 6
2.115743387490511 11
1.2236628625541925 30
0.7776226000860333 68
0.5546024688519537 109
0.6661125344689935 86

 96 60.33158233761787415 167
7.468226537108421 4
3.8999044373631477 6
2.115743387490511 11
1.2236628625541925 30
0.7776226000860333 68
0.5546024688519537 109
0.6661125344689935 86

 96 50.33158233761787415 167
7.468226537108421 4
3.8999044373631477 6
2.115743387490511 11
1.2236628625541925 30
0.7776226000860333 68
0.5546024688519537 109
0.6661125344689935 86

 96 40.33158233761787415 167
7.468226537108421 4
3.8999044373631477 6
2.115743387490511 11
1.2236628625541925 30
0.7776226000860333 68
0.5546024688519537 109
0.6661125344689935 86

 96 30.33158233761787415 167
7.468226537108421 4
3.8999044373631477 6
2.115743387490511 11
1.2236628625541925 30
0.7776226000860333 68
0.5546024688519537 109
0.6661125344689935 86

 96 20.33158233761787415 167
7.468226537108421 4
3.8999044373631477 6
2.115743387490511 11
1.2236628625541925 30
0.7776226000860333 68
0.5546024688519537 109
0.6661125344689935 86

 96 10.33158233761787415 167
7.468226537108421 4
3.8999044373631477 6
2.115743387490511 11
1.2236628625541925 30
0.7776226000860333 68
0.5546024688519537 109
0.6661125344689935 86

 96 00.33158233761787415 167
7.468226537108421 4
3.8999044373631477 6
2.115743387490511 11
1.2236628625541925 30
0.7776226000860333 68
0.5546024688519537 109
0.6661125344689935 86
0.6103575016604736 97
0.6382350180647336 90
0.6242962598626036 93
0.6173268807615386 95


96 0.6138421912110061 0
