
 97 475.94923793617636 3
2.9753414327278733 5
1.4883931810036302 6
0.7449190551415086 17
0.3731819922104478 46

 97 465.94923793617636 3
2.9753414327278733 5
1.4883931810036302 6
0.7449190551415086 17
0.3731819922104478 46

 97 455.94923793617636 3
2.9753414327278733 5
1.4883931810036302 6
0.7449190551415086 17
0.3731819922104478 46

 97 445.94923793617636 3
2.9753414327278733 5
1.4883931810036302 6
0.7449190551415086 17
0.3731819922104478 46

 97 435.94923793617636 3
2.9753414327278733 5
1.4883931810036302 6
0.7449190551415086 17
0.3731819922104478 46

 97 425.94923793617636 3
2.9753414327278733 5
1.4883931810036302 6
0.7449190551415086 17
0.3731819922104478 46

 97 415.94923793617636 3
2.9753414327278733 5
1.4883931810036302 6
0.7449190551415086 17
0.3731819922104478 46

 97 405.94923793617636 3
2.9753414327278733 5
1.4883931810036302 6
0.7449190551415086 17
0.3731819922104478 46

 97 395.94923793617636 3
2.9753414327278733 5
1.4883931810036302 6
0.7449190551415086 17
0.3731819922104478 46

 97 385.94923793617636 3
2.9753414327278733 5
1.4883931810036302 6
0.7449190551415086 17
0.3731819922104478 46

 97 375.94923793617636 3
2.9753414327278733 5
1.4883931810036302 6
0.7449190551415086 17
0.3731819922104478 46

 97 365.94923793617636 3
2.9753414327278733 5
1.4883931810036302 6
0.7449190551415086 17
0.3731819922104478 46

 97 355.94923793617636 3
2.9753414327278733 5
1.4883931810036302 6
0.7449190551415086 17
0.3731819922104478 46

 97 345.94923793617636 3
2.9753414327278733 5
1.4883931810036302 6
0.7449190551415086 17
0.3731819922104478 46

 97 335.94923793617636 3
2.9753414327278733 5
1.4883931810036302 6
0.7449190551415086 17
0.3731819922104478 46

 97 325.94923793617636 3
2.9753414327278733 5
1.4883931810036302 6
0.7449190551415086 17
0.3731819922104478 46

 97 315.94923793617636 3
2.9753414327278733 5
1.4883931810036302 6
0.7449190551415086 17
0.3731819922104478 46

 97 305.94923793617636 3
2.9753414327278733 5
1.4883931810036302 6
0.7449190551415086 17
0.3731819922104478 46

 97 295.94923793617636 3
2.9753414327278733 5
1.4883931810036302 6
0.7449190551415086 17
0.3731819922104478 46

 97 285.94923793617636 3
2.9753414327278733 5
1.4883931810036302 6
0.7449190551415086 17
0.3731819922104478 46

 97 275.94923793617636 3
2.9753414327278733 5
1.4883931810036302 6
0.7449190551415086 17
0.3731819922104478 46

 97 265.94923793617636 3
2.9753414327278733 5
1.4883931810036302 6
0.7449190551415086 17
0.3731819922104478 46

 97 255.94923793617636 3
2.9753414327278733 5
1.4883931810036302 6
0.7449190551415086 17
0.3731819922104478 46

 97 245.94923793617636 3
2.9753414327278733 5
1.4883931810036302 6
0.7449190551415086 17
0.3731819922104478 46

 97 235.94923793617636 3
2.9753414327278733 5
1.4883931810036302 6
0.7449190551415086 17
0.3731819922104478 46

 97 225.94923793617636 3
2.9753414327278733 5
1.4883931810036302 6
0.7449190551415086 17
0.3731819922104478 46

 97 215.94923793617636 3
2.9753414327278733 5
1.4883931810036302 6
0.7449190551415086 17
0.3731819922104478 46

 97 205.94923793617636 3
2.9753414327278733 5
1.4883931810036302 6
0.7449190551415086 17
0.3731819922104478 46

 97 195.94923793617636 3
2.9753414327278733 5
1.4883931810036302 6
0.7449190551415086 17
0.3731819922104478 46

 97 185.94923793617636 3
2.9753414327278733 5
1.4883931810036302 6
0.7449190551415086 17
0.3731819922104478 46

 97 175.94923793617636 3
2.9753414327278733 5
1.4883931810036302 6
0.7449190551415086 17
0.3731819922104478 46

 97 165.94923793617636 3
2.9753414327278733 5
1.4883931810036302 6
0.7449190551415086 17
0.3731819922104478 46

 97 155.94923793617636 3
2.9753414327278733 5
1.4883931810036302 6
0.7449190551415086 17
0.3731819922104478 46

 97 145.94923793617636 3
2.9753414327278733 5
1.4883931810036302 6
0.7449190551415086 17
0.3731819922104478 46
0.1873134607449174 112
0.2802477264776826 65

 97 135.94923793617636 3
2.9753414327278733 5
1.4883931810036302 6
0.7449190551415086 17
0.3731819922104478 46
0.1873134607449174 112
0.2802477264776826 65

 97 125.94923793617636 3
2.9753414327278733 5
1.4883931810036302 6
0.7449190551415086 17
0.3731819922104478 46
0.1873134607449174 112
0.2802477264776826 65

 97 115.94923793617636 3
2.9753414327278733 5
1.4883931810036302 6
0.7449190551415086 17
0.3731819922104478 46
0.1873134607449174 112
0.2802477264776826 65

 97 105.94923793617636 3
2.9753414327278733 5
1.4883931810036302 6
0.7449190551415086 17
0.3731819922104478 46
0.1873134607449174 112
0.2802477264776826 65

 97 95.94923793617636 3
2.9753414327278733 5
1.4883931810036302 6
0.7449190551415086 17
0.3731819922104478 46
0.1873134607449174 112
0.2802477264776826 65
0.2337805936113 87

 97 85.94923793617636 3
2.9753414327278733 5
1.4883931810036302 6
0.7449190551415086 17
0.3731819922104478 46
0.1873134607449174 112
0.2802477264776826 65
0.2337805936113 87

 97 75.94923793617636 3
2.9753414327278733 5
1.4883931810036302 6
0.7449190551415086 17
0.3731819922104478 46
0.1873134607449174 112
0.2802477264776826 65
0.2337805936113 87

 97 65.94923793617636 3
2.9753414327278733 5
1.4883931810036302 6
0.7449190551415086 17
0.3731819922104478 46
0.1873134607449174 112
0.2802477264776826 65
0.2337805936113 87

 97 55.94923793617636 3
2.9753414327278733 5
1.4883931810036302 6
0.7449190551415086 17
0.3731819922104478 46
0.1873134607449174 112
0.2802477264776826 65
0.2337805936113 87

 97 45.94923793617636 3
2.9753414327278733 5
1.4883931810036302 6
0.7449190551415086 17
0.3731819922104478 46
0.1873134607449174 112
0.2802477264776826 65
0.2337805936113 87

 97 35.94923793617636 3
2.9753414327278733 5
1.4883931810036302 6
0.7449190551415086 17
0.3731819922104478 46
0.1873134607449174 112
0.2802477264776826 65
0.2337805936113 87
0.2105470271781087 101

 97 25.94923793617636 3
2.9753414327278733 5
1.4883931810036302 6
0.7449190551415086 17
0.3731819922104478 46
0.1873134607449174 112
0.2802477264776826 65
0.2337805936113 87
0.2105470271781087 101

 97 15.94923793617636 3
2.9753414327278733 5
1.4883931810036302 6
0.7449190551415086 17
0.3731819922104478 46
0.1873134607449174 112
0.2802477264776826 65
0.2337805936113 87
0.2105470271781087 101
0.22216381039470434 95

 97 05.94923793617636 3
2.9753414327278733 5
1.4883931810036302 6
0.7449190551415086 17
0.3731819922104478 46
0.1873134607449174 112
0.2802477264776826 65
0.2337805936113 87
0.2105470271781087 101
0.22216381039470434 95
0.21635541878640652 96


97 0.2134512229822576 0
