
 97 47
 97 46
 97 45
 97 44
 97 43
 97 42
 97 41
 97 40
 97 39
 97 38
 97 37
 97 36
 97 35
 97 34
 97 33
 97 32
 97 310.04264694761401133 65
0.021323473807005666 154

 97 300.04264694761401133 65
0.021323473807005666 154

 97 290.04264694761401133 65
0.021323473807005666 154

 97 280.04264694761401133 65
0.021323473807005666 154

 97 270.04264694761401133 65
0.021323473807005666 154

 97 260.04264694761401133 65
0.021323473807005666 154

 97 250.04264694761401133 65
0.021323473807005666 154
0.0319852107105085 123

 97 240.04264694761401133 65
0.021323473807005666 154
0.0319852107105085 123

 97 230.04264694761401133 65
0.021323473807005666 154
0.0319852107105085 123

 97 220.04264694761401133 65
0.021323473807005666 154
0.0319852107105085 123

 97 210.04264694761401133 65
0.021323473807005666 154
0.0319852107105085 123

 97 200.04264694761401133 65
0.021323473807005666 154
0.0319852107105085 123

 97 190.04264694761401133 65
0.021323473807005666 154
0.0319852107105085 123

 97 180.04264694761401133 65
0.021323473807005666 154
0.0319852107105085 123

 97 170.04264694761401133 65
0.021323473807005666 154
0.0319852107105085 123

 97 160.04264694761401133 65
0.021323473807005666 154
0.0319852107105085 123

 97 150.04264694761401133 65
0.021323473807005666 154
0.0319852107105085 123

 97 140.04264694761401133 65
0.021323473807005666 154
0.0319852107105085 123

 97 130.04264694761401133 65
0.021323473807005666 154
0.0319852107105085 123

 97 120.04264694761401133 65
0.021323473807005666 154
0.0319852107105085 123

 97 110.04264694761401133 65
0.021323473807005666 154
0.0319852107105085 123

 97 100.04264694761401133 65
0.021323473807005666 154
0.0319852107105085 123

 97 90.04264694761401133 65
0.021323473807005666 154
0.0319852107105085 123

 97 80.04264694761401133 65
0.021323473807005666 154
0.0319852107105085 123

 97 70.04264694761401133 65
0.021323473807005666 154
0.0319852107105085 123

 97 60.04264694761401133 65
0.021323473807005666 154
0.0319852107105085 123

 97 50.04264694761401133 65
0.021323473807005666 154
0.0319852107105085 123

 97 40.04264694761401133 65
0.021323473807005666 154
0.0319852107105085 123

 97 30.04264694761401133 65
0.021323473807005666 154
0.0319852107105085 123
0.037316079162259916 93
0.03465064493638421 105

 97 20.04264694761401133 65
0.021323473807005666 154
0.0319852107105085 123
0.037316079162259916 93
0.03465064493638421 105

 97 10.04264694761401133 65
0.021323473807005666 154
0.0319852107105085 123
0.037316079162259916 93
0.03465064493638421 105
0.035983362049322065 95
0.03531700349285313 99
0.0356501827710876 99
0.03581677241020483 95

 97 00.04264694761401133 65
0.021323473807005666 154
0.0319852107105085 123
0.037316079162259916 93
0.03465064493638421 105
0.035983362049322065 95
0.03531700349285313 99
0.0356501827710876 99
0.03581677241020483 95
0.03573347759064621 98


98 0.03573347759064621 1
