
 96 473.6763885049149394 2
1.8385102776810527 3
0.9195711640641093 6
0.46010160725563765 8
0.2303668288514018 17
0.11549943964928389 37

 96 463.6763885049149394 2
1.8385102776810527 3
0.9195711640641093 6
0.46010160725563765 8
0.2303668288514018 17
0.11549943964928389 37

 96 453.6763885049149394 2
1.8385102776810527 3
0.9195711640641093 6
0.46010160725563765 8
0.2303668288514018 17
0.11549943964928389 37

 96 443.6763885049149394 2
1.8385102776810527 3
0.9195711640641093 6
0.46010160725563765 8
0.2303668288514018 17
0.11549943964928389 37

 96 433.6763885049149394 2
1.8385102776810527 3
0.9195711640641093 6
0.46010160725563765 8
0.2303668288514018 17
0.11549943964928389 37

 96 423.6763885049149394 2
1.8385102776810527 3
0.9195711640641093 6
0.46010160725563765 8
0.2303668288514018 17
0.11549943964928389 37

 96 413.6763885049149394 2
1.8385102776810527 3
0.9195711640641093 6
0.46010160725563765 8
0.2303668288514018 17
0.11549943964928389 37

 96 403.6763885049149394 2
1.8385102776810527 3
0.9195711640641093 6
0.46010160725563765 8
0.2303668288514018 17
0.11549943964928389 37

 96 393.6763885049149394 2
1.8385102776810527 3
0.9195711640641093 6
0.46010160725563765 8
0.2303668288514018 17
0.11549943964928389 37

 96 383.6763885049149394 2
1.8385102776810527 3
0.9195711640641093 6
0.46010160725563765 8
0.2303668288514018 17
0.11549943964928389 37

 96 373.6763885049149394 2
1.8385102776810527 3
0.9195711640641093 6
0.46010160725563765 8
0.2303668288514018 17
0.11549943964928389 37

 96 363.6763885049149394 2
1.8385102776810527 3
0.9195711640641093 6
0.46010160725563765 8
0.2303668288514018 17
0.11549943964928389 37

 96 353.6763885049149394 2
1.8385102776810527 3
0.9195711640641093 6
0.46010160725563765 8
0.2303668288514018 17
0.11549943964928389 37

 96 343.6763885049149394 2
1.8385102776810527 3
0.9195711640641093 6
0.46010160725563765 8
0.2303668288514018 17
0.11549943964928389 37

 96 333.6763885049149394 2
1.8385102776810527 3
0.9195711640641093 6
0.46010160725563765 8
0.2303668288514018 17
0.11549943964928389 37

 96 323.6763885049149394 2
1.8385102776810527 3
0.9195711640641093 6
0.46010160725563765 8
0.2303668288514018 17
0.11549943964928389 37

 96 313.6763885049149394 2
1.8385102776810527 3
0.9195711640641093 6
0.46010160725563765 8
0.2303668288514018 17
0.11549943964928389 37

 96 303.6763885049149394 2
1.8385102776810527 3
0.9195711640641093 6
0.46010160725563765 8
0.2303668288514018 17
0.11549943964928389 37

 96 293.6763885049149394 2
1.8385102776810527 3
0.9195711640641093 6
0.46010160725563765 8
0.2303668288514018 17
0.11549943964928389 37

 96 283.6763885049149394 2
1.8385102776810527 3
0.9195711640641093 6
0.46010160725563765 8
0.2303668288514018 17
0.11549943964928389 37

 96 273.6763885049149394 2
1.8385102776810527 3
0.9195711640641093 6
0.46010160725563765 8
0.2303668288514018 17
0.11549943964928389 37

 96 263.6763885049149394 2
1.8385102776810527 3
0.9195711640641093 6
0.46010160725563765 8
0.2303668288514018 17
0.11549943964928389 37

 96 253.6763885049149394 2
1.8385102776810527 3
0.9195711640641093 6
0.46010160725563765 8
0.2303668288514018 17
0.11549943964928389 37

 96 243.6763885049149394 2
1.8385102776810527 3
0.9195711640641093 6
0.46010160725563765 8
0.2303668288514018 17
0.11549943964928389 37

 96 233.6763885049149394 2
1.8385102776810527 3
0.9195711640641093 6
0.46010160725563765 8
0.2303668288514018 17
0.11549943964928389 37

 96 223.6763885049149394 2
1.8385102776810527 3
0.9195711640641093 6
0.46010160725563765 8
0.2303668288514018 17
0.11549943964928389 37

 96 213.6763885049149394 2
1.8385102776810527 3
0.9195711640641093 6
0.46010160725563765 8
0.2303668288514018 17
0.11549943964928389 37

 96 203.6763885049149394 2
1.8385102776810527 3
0.9195711640641093 6
0.46010160725563765 8
0.2303668288514018 17
0.11549943964928389 37

 96 193.6763885049149394 2
1.8385102776810527 3
0.9195711640641093 6
0.46010160725563765 8
0.2303668288514018 17
0.11549943964928389 37

 96 183.6763885049149394 2
1.8385102776810527 3
0.9195711640641093 6
0.46010160725563765 8
0.2303668288514018 17
0.11549943964928389 37

 96 173.6763885049149394 2
1.8385102776810527 3
0.9195711640641093 6
0.46010160725563765 8
0.2303668288514018 17
0.11549943964928389 37

 96 163.6763885049149394 2
1.8385102776810527 3
0.9195711640641093 6
0.46010160725563765 8
0.2303668288514018 17
0.11549943964928389 37

 96 153.6763885049149394 2
1.8385102776810527 3
0.9195711640641093 6
0.46010160725563765 8
0.2303668288514018 17
0.11549943964928389 37

 96 143.6763885049149394 2
1.8385102776810527 3
0.9195711640641093 6
0.46010160725563765 8
0.2303668288514018 17
0.11549943964928389 37

 96 133.6763885049149394 2
1.8385102776810527 3
0.9195711640641093 6
0.46010160725563765 8
0.2303668288514018 17
0.11549943964928389 37

 96 123.6763885049149394 2
1.8385102776810527 3
0.9195711640641093 6
0.46010160725563765 8
0.2303668288514018 17
0.11549943964928389 37

 96 113.6763885049149394 2
1.8385102776810527 3
0.9195711640641093 6
0.46010160725563765 8
0.2303668288514018 17
0.11549943964928389 37

 96 103.6763885049149394 2
1.8385102776810527 3
0.9195711640641093 6
0.46010160725563765 8
0.2303668288514018 17
0.11549943964928389 37

 96 93.6763885049149394 2
1.8385102776810527 3
0.9195711640641093 6
0.46010160725563765 8
0.2303668288514018 17
0.11549943964928389 37

 96 83.6763885049149394 2
1.8385102776810527 3
0.9195711640641093 6
0.46010160725563765 8
0.2303668288514018 17
0.11549943964928389 37

 96 73.6763885049149394 2
1.8385102776810527 3
0.9195711640641093 6
0.46010160725563765 8
0.2303668288514018 17
0.11549943964928389 37

 96 63.6763885049149394 2
1.8385102776810527 3
0.9195711640641093 6
0.46010160725563765 8
0.2303668288514018 17
0.11549943964928389 37

 96 53.6763885049149394 2
1.8385102776810527 3
0.9195711640641093 6
0.46010160725563765 8
0.2303668288514018 17
0.11549943964928389 37

 96 43.6763885049149394 2
1.8385102776810527 3
0.9195711640641093 6
0.46010160725563765 8
0.2303668288514018 17
0.11549943964928389 37

 96 33.6763885049149394 2
1.8385102776810527 3
0.9195711640641093 6
0.46010160725563765 8
0.2303668288514018 17
0.11549943964928389 37
0.058065745048224926 100
0.0867825923487544 61
0.07242416869848967 82
0.0652449568733573 85

 96 23.6763885049149394 2
1.8385102776810527 3
0.9195711640641093 6
0.46010160725563765 8
0.2303668288514018 17
0.11549943964928389 37
0.058065745048224926 100
0.0867825923487544 61
0.07242416869848967 82
0.0652449568733573 85
0.06165535096079111 93

 96 13.6763885049149394 2
1.8385102776810527 3
0.9195711640641093 6
0.46010160725563765 8
0.2303668288514018 17
0.11549943964928389 37
0.058065745048224926 100
0.0867825923487544 61
0.07242416869848967 82
0.0652449568733573 85
0.06165535096079111 93

 96 03.6763885049149394 2
1.8385102776810527 3
0.9195711640641093 6
0.46010160725563765 8
0.2303668288514018 17
0.11549943964928389 37
0.058065745048224926 100
0.0867825923487544 61
0.07242416869848967 82
0.0652449568733573 85
0.06165535096079111 93
0.05986054800450802 95
0.05896314652636647 95
0.0585144457872957 98
0.058738796156831086 97


96 0.05885097134159878 0

 100 493.6763885049149394 2
1.8385102776810527 3
0.9195711640641093 6
0.46010160725563765 8
0.2303668288514018 17
0.11549943964928389 37

 100 483.6763885049149394 2
1.8385102776810527 3
0.9195711640641093 6
0.46010160725563765 8
0.2303668288514018 17
0.11549943964928389 37

 100 473.6763885049149394 2
1.8385102776810527 3
0.9195711640641093 6
0.46010160725563765 8
0.2303668288514018 17
0.11549943964928389 37

 100 463.6763885049149394 2
1.8385102776810527 3
0.9195711640641093 6
0.46010160725563765 8
0.2303668288514018 17
0.11549943964928389 37

 100 453.6763885049149394 2
1.8385102776810527 3
0.9195711640641093 6
0.46010160725563765 8
0.2303668288514018 17
0.11549943964928389 37

 100 443.6763885049149394 2
1.8385102776810527 3
0.9195711640641093 6
0.46010160725563765 8
0.2303668288514018 17
0.11549943964928389 37

 100 433.6763885049149394 2
1.8385102776810527 3
0.9195711640641093 6
0.46010160725563765 8
0.2303668288514018 17
0.11549943964928389 37

 100 423.6763885049149394 2
1.8385102776810527 3
0.9195711640641093 6
0.46010160725563765 8
0.2303668288514018 17
0.11549943964928389 37

 100 413.6763885049149394 2
1.8385102776810527 3
0.9195711640641093 6
0.46010160725563765 8
0.2303668288514018 17
0.11549943964928389 37

 100 403.6763885049149394 2
1.8385102776810527 3
0.9195711640641093 6
0.46010160725563765 8
0.2303668288514018 17
0.11549943964928389 37

 100 393.6763885049149394 2
1.8385102776810527 3
0.9195711640641093 6
0.46010160725563765 8
0.2303668288514018 17
0.11549943964928389 37

 100 383.6763885049149394 2
1.8385102776810527 3
0.9195711640641093 6
0.46010160725563765 8
0.2303668288514018 17
0.11549943964928389 37

 100 373.6763885049149394 2
1.8385102776810527 3
0.9195711640641093 6
0.46010160725563765 8
0.2303668288514018 17
0.11549943964928389 37

 100 363.6763885049149394 2
1.8385102776810527 3
0.9195711640641093 6
0.46010160725563765 8
0.2303668288514018 17
0.11549943964928389 37

 100 353.6763885049149394 2
1.8385102776810527 3
0.9195711640641093 6
0.46010160725563765 8
0.2303668288514018 17
0.11549943964928389 37

 100 343.6763885049149394 2
1.8385102776810527 3
0.9195711640641093 6
0.46010160725563765 8
0.2303668288514018 17
0.11549943964928389 37

 100 333.6763885049149394 2
1.8385102776810527 3
0.9195711640641093 6
0.46010160725563765 8
0.2303668288514018 17
0.11549943964928389 37

 100 323.6763885049149394 2
1.8385102776810527 3
0.9195711640641093 6
0.46010160725563765 8
0.2303668288514018 17
0.11549943964928389 37

 100 313.6763885049149394 2
1.8385102776810527 3
0.9195711640641093 6
0.46010160725563765 8
0.2303668288514018 17
0.11549943964928389 37

 100 303.6763885049149394 2
1.8385102776810527 3
0.9195711640641093 6
0.46010160725563765 8
0.2303668288514018 17
0.11549943964928389 37

 100 293.6763885049149394 2
1.8385102776810527 3
0.9195711640641093 6
0.46010160725563765 8
0.2303668288514018 17
0.11549943964928389 37

 100 283.6763885049149394 2
1.8385102776810527 3
0.9195711640641093 6
0.46010160725563765 8
0.2303668288514018 17
0.11549943964928389 37

 100 273.6763885049149394 2
1.8385102776810527 3
0.9195711640641093 6
0.46010160725563765 8
0.2303668288514018 17
0.11549943964928389 37

 100 263.6763885049149394 2
1.8385102776810527 3
0.9195711640641093 6
0.46010160725563765 8
0.2303668288514018 17
0.11549943964928389 37

 100 253.6763885049149394 2
1.8385102776810527 3
0.9195711640641093 6
0.46010160725563765 8
0.2303668288514018 17
0.11549943964928389 37

 100 243.6763885049149394 2
1.8385102776810527 3
0.9195711640641093 6
0.46010160725563765 8
0.2303668288514018 17
0.11549943964928389 37

 100 233.6763885049149394 2
1.8385102776810527 3
0.9195711640641093 6
0.46010160725563765 8
0.2303668288514018 17
0.11549943964928389 37

 100 223.6763885049149394 2
1.8385102776810527 3
0.9195711640641093 6
0.46010160725563765 8
0.2303668288514018 17
0.11549943964928389 37

 100 213.6763885049149394 2
1.8385102776810527 3
0.9195711640641093 6
0.46010160725563765 8
0.2303668288514018 17
0.11549943964928389 37

 100 203.6763885049149394 2
1.8385102776810527 3
0.9195711640641093 6
0.46010160725563765 8
0.2303668288514018 17
0.11549943964928389 37

 100 193.6763885049149394 2
1.8385102776810527 3
0.9195711640641093 6
0.46010160725563765 8
0.2303668288514018 17
0.11549943964928389 37

 100 183.6763885049149394 2
1.8385102776810527 3
0.9195711640641093 6
0.46010160725563765 8
0.2303668288514018 17
0.11549943964928389 37

 100 173.6763885049149394 2
1.8385102776810527 3
0.9195711640641093 6
0.46010160725563765 8
0.2303668288514018 17
0.11549943964928389 37

 100 163.6763885049149394 2
1.8385102776810527 3
0.9195711640641093 6
0.46010160725563765 8
0.2303668288514018 17
0.11549943964928389 37

 100 153.6763885049149394 2
1.8385102776810527 3
0.9195711640641093 6
0.46010160725563765 8
0.2303668288514018 17
0.11549943964928389 37

 100 143.6763885049149394 2
1.8385102776810527 3
0.9195711640641093 6
0.46010160725563765 8
0.2303668288514018 17
0.11549943964928389 37

 100 133.6763885049149394 2
1.8385102776810527 3
0.9195711640641093 6
0.46010160725563765 8
0.2303668288514018 17
0.11549943964928389 37

 100 123.6763885049149394 2
1.8385102776810527 3
0.9195711640641093 6
0.46010160725563765 8
0.2303668288514018 17
0.11549943964928389 37

 100 113.6763885049149394 2
1.8385102776810527 3
0.9195711640641093 6
0.46010160725563765 8
0.2303668288514018 17
0.11549943964928389 37

 100 103.6763885049149394 2
1.8385102776810527 3
0.9195711640641093 6
0.46010160725563765 8
0.2303668288514018 17
0.11549943964928389 37

 100 93.6763885049149394 2
1.8385102776810527 3
0.9195711640641093 6
0.46010160725563765 8
0.2303668288514018 17
0.11549943964928389 37

 100 83.6763885049149394 2
1.8385102776810527 3
0.9195711640641093 6
0.46010160725563765 8
0.2303668288514018 17
0.11549943964928389 37

 100 73.6763885049149394 2
1.8385102776810527 3
0.9195711640641093 6
0.46010160725563765 8
0.2303668288514018 17
0.11549943964928389 37

 100 63.6763885049149394 2
1.8385102776810527 3
0.9195711640641093 6
0.46010160725563765 8
0.2303668288514018 17
0.11549943964928389 37

 100 53.6763885049149394 2
1.8385102776810527 3
0.9195711640641093 6
0.46010160725563765 8
0.2303668288514018 17
0.11549943964928389 37

 100 43.6763885049149394 2
1.8385102776810527 3
0.9195711640641093 6
0.46010160725563765 8
0.2303668288514018 17
0.11549943964928389 37

 100 33.6763885049149394 2
1.8385102776810527 3
0.9195711640641093 6
0.46010160725563765 8
0.2303668288514018 17
0.11549943964928389 37

 100 23.6763885049149394 2
1.8385102776810527 3
0.9195711640641093 6
0.46010160725563765 8
0.2303668288514018 17
0.11549943964928389 37

 100 13.6763885049149394 2
1.8385102776810527 3
0.9195711640641093 6
0.46010160725563765 8
0.2303668288514018 17
0.11549943964928389 37

 100 03.6763885049149394 2
1.8385102776810527 3
0.9195711640641093 6
0.46010160725563765 8
0.2303668288514018 17
0.11549943964928389 37


100 0.058065745048224926 49
