
 100 490.3019426651299 9

 100 490.3019426651299 9

 100 490.3019426651299 9
-3.2122585978358984 268
-1.4551579663529992 268
-0.5766076506115496 268
-0.13733249274082482 268
0.08230508619453758 42
-0.02751370327314362 268
0.02739569146069698 156

 100 480.3019426651299 9
-3.2122585978358984 268
-1.4551579663529992 268
-0.5766076506115496 268
-0.13733249274082482 268
0.08230508619453758 42
-0.02751370327314362 268
0.02739569146069698 156

 100 470.3019426651299 9
-3.2122585978358984 268
-1.4551579663529992 268
-0.5766076506115496 268
-0.13733249274082482 268
0.08230508619453758 42
-0.02751370327314362 268
0.02739569146069698 156

 100 460.3019426651299 9
-3.2122585978358984 268
-1.4551579663529992 268
-0.5766076506115496 268
-0.13733249274082482 268
0.08230508619453758 42
-0.02751370327314362 268
0.02739569146069698 156

 100 450.3019426651299 9
-3.2122585978358984 268
-1.4551579663529992 268
-0.5766076506115496 268
-0.13733249274082482 268
0.08230508619453758 42
-0.02751370327314362 268
0.02739569146069698 156

 100 440.3019426651299 9
-3.2122585978358984 268
-1.4551579663529992 268
-0.5766076506115496 268
-0.13733249274082482 268
0.08230508619453758 42
-0.02751370327314362 268
0.02739569146069698 156

 100 430.3019426651299 9
-3.2122585978358984 268
-1.4551579663529992 268
-0.5766076506115496 268
-0.13733249274082482 268
0.08230508619453758 42
-0.02751370327314362 268
0.02739569146069698 156

 100 420.3019426651299 9
-3.2122585978358984 268
-1.4551579663529992 268
-0.5766076506115496 268
-0.13733249274082482 268
0.08230508619453758 42
-0.02751370327314362 268
0.02739569146069698 156

 100 410.3019426651299 9
-3.2122585978358984 268
-1.4551579663529992 268
-0.5766076506115496 268
-0.13733249274082482 268
0.08230508619453758 42
-0.02751370327314362 268
0.02739569146069698 156

 100 400.3019426651299 9
-3.2122585978358984 268
-1.4551579663529992 268
-0.5766076506115496 268
-0.13733249274082482 268
0.08230508619453758 42
-0.02751370327314362 268
0.02739569146069698 156

 100 390.3019426651299 9
-3.2122585978358984 268
-1.4551579663529992 268
-0.5766076506115496 268
-0.13733249274082482 268
0.08230508619453758 42
-0.02751370327314362 268
0.02739569146069698 156

 100 380.3019426651299 9
-3.2122585978358984 268
-1.4551579663529992 268
-0.5766076506115496 268
-0.13733249274082482 268
0.08230508619453758 42
-0.02751370327314362 268
0.02739569146069698 156

 100 370.3019426651299 9
-3.2122585978358984 268
-1.4551579663529992 268
-0.5766076506115496 268
-0.13733249274082482 268
0.08230508619453758 42
-0.02751370327314362 268
0.02739569146069698 156

 100 360.3019426651299 9
-3.2122585978358984 268
-1.4551579663529992 268
-0.5766076506115496 268
-0.13733249274082482 268
0.08230508619453758 42
-0.02751370327314362 268
0.02739569146069698 156

 100 350.3019426651299 9
-3.2122585978358984 268
-1.4551579663529992 268
-0.5766076506115496 268
-0.13733249274082482 268
0.08230508619453758 42
-0.02751370327314362 268
0.02739569146069698 156

 100 340.3019426651299 9
-3.2122585978358984 268
-1.4551579663529992 268
-0.5766076506115496 268
-0.13733249274082482 268
0.08230508619453758 42
-0.02751370327314362 268
0.02739569146069698 156

 100 330.3019426651299 9
-3.2122585978358984 268
-1.4551579663529992 268
-0.5766076506115496 268
-0.13733249274082482 268
0.08230508619453758 42
-0.02751370327314362 268
0.02739569146069698 156

 100 320.3019426651299 9
-3.2122585978358984 268
-1.4551579663529992 268
-0.5766076506115496 268
-0.13733249274082482 268
0.08230508619453758 42
-0.02751370327314362 268
0.02739569146069698 156

 100 310.3019426651299 9
-3.2122585978358984 268
-1.4551579663529992 268
-0.5766076506115496 268
-0.13733249274082482 268
0.08230508619453758 42
-0.02751370327314362 268
0.02739569146069698 156

 100 300.3019426651299 9
-3.2122585978358984 268
-1.4551579663529992 268
-0.5766076506115496 268
-0.13733249274082482 268
0.08230508619453758 42
-0.02751370327314362 268
0.02739569146069698 156

 100 290.3019426651299 9
-3.2122585978358984 268
-1.4551579663529992 268
-0.5766076506115496 268
-0.13733249274082482 268
0.08230508619453758 42
-0.02751370327314362 268
0.02739569146069698 156

 100 280.3019426651299 9
-3.2122585978358984 268
-1.4551579663529992 268
-0.5766076506115496 268
-0.13733249274082482 268
0.08230508619453758 42
-0.02751370327314362 268
0.02739569146069698 156

 100 270.3019426651299 9
-3.2122585978358984 268
-1.4551579663529992 268
-0.5766076506115496 268
-0.13733249274082482 268
0.08230508619453758 42
-0.02751370327314362 268
0.02739569146069698 156

 100 260.3019426651299 9
-3.2122585978358984 268
-1.4551579663529992 268
-0.5766076506115496 268
-0.13733249274082482 268
0.08230508619453758 42
-0.02751370327314362 268
0.02739569146069698 156

 100 250.3019426651299 9
-3.2122585978358984 268
-1.4551579663529992 268
-0.5766076506115496 268
-0.13733249274082482 268
0.08230508619453758 42
-0.02751370327314362 268
0.02739569146069698 156

 100 240.3019426651299 9
-3.2122585978358984 268
-1.4551579663529992 268
-0.5766076506115496 268
-0.13733249274082482 268
0.08230508619453758 42
-0.02751370327314362 268
0.02739569146069698 156

 100 230.3019426651299 9
-3.2122585978358984 268
-1.4551579663529992 268
-0.5766076506115496 268
-0.13733249274082482 268
0.08230508619453758 42
-0.02751370327314362 268
0.02739569146069698 156

 100 220.3019426651299 9
-3.2122585978358984 268
-1.4551579663529992 268
-0.5766076506115496 268
-0.13733249274082482 268
0.08230508619453758 42
-0.02751370327314362 268
0.02739569146069698 156

 100 210.3019426651299 9
-3.2122585978358984 268
-1.4551579663529992 268
-0.5766076506115496 268
-0.13733249274082482 268
0.08230508619453758 42
-0.02751370327314362 268
0.02739569146069698 156

 100 200.3019426651299 9
-3.2122585978358984 268
-1.4551579663529992 268
-0.5766076506115496 268
-0.13733249274082482 268
0.08230508619453758 42
-0.02751370327314362 268
0.02739569146069698 156
0.05485038882761728 79

 100 190.3019426651299 9
-3.2122585978358984 268
-1.4551579663529992 268
-0.5766076506115496 268
-0.13733249274082482 268
0.08230508619453758 42
-0.02751370327314362 268
0.02739569146069698 156
0.05485038882761728 79

 100 180.3019426651299 9
-3.2122585978358984 268
-1.4551579663529992 268
-0.5766076506115496 268
-0.13733249274082482 268
0.08230508619453758 42
-0.02751370327314362 268
0.02739569146069698 156
0.05485038882761728 79

 100 170.3019426651299 9
-3.2122585978358984 268
-1.4551579663529992 268
-0.5766076506115496 268
-0.13733249274082482 268
0.08230508619453758 42
-0.02751370327314362 268
0.02739569146069698 156
0.05485038882761728 79

 100 160.3019426651299 9
-3.2122585978358984 268
-1.4551579663529992 268
-0.5766076506115496 268
-0.13733249274082482 268
0.08230508619453758 42
-0.02751370327314362 268
0.02739569146069698 156
0.05485038882761728 79

 100 150.3019426651299 9
-3.2122585978358984 268
-1.4551579663529992 268
-0.5766076506115496 268
-0.13733249274082482 268
0.08230508619453758 42
-0.02751370327314362 268
0.02739569146069698 156
0.05485038882761728 79

 100 140.3019426651299 9
-3.2122585978358984 268
-1.4551579663529992 268
-0.5766076506115496 268
-0.13733249274082482 268
0.08230508619453758 42
-0.02751370327314362 268
0.02739569146069698 156
0.05485038882761728 79

 100 130.3019426651299 9
-3.2122585978358984 268
-1.4551579663529992 268
-0.5766076506115496 268
-0.13733249274082482 268
0.08230508619453758 42
-0.02751370327314362 268
0.02739569146069698 156
0.05485038882761728 79
0.04112304014415713 114

 100 120.3019426651299 9
-3.2122585978358984 268
-1.4551579663529992 268
-0.5766076506115496 268
-0.13733249274082482 268
0.08230508619453758 42
-0.02751370327314362 268
0.02739569146069698 156
0.05485038882761728 79
0.04112304014415713 114

 100 110.3019426651299 9
-3.2122585978358984 268
-1.4551579663529992 268
-0.5766076506115496 268
-0.13733249274082482 268
0.08230508619453758 42
-0.02751370327314362 268
0.02739569146069698 156
0.05485038882761728 79
0.04112304014415713 114

 100 100.3019426651299 9
-3.2122585978358984 268
-1.4551579663529992 268
-0.5766076506115496 268
-0.13733249274082482 268
0.08230508619453758 42
-0.02751370327314362 268
0.02739569146069698 156
0.05485038882761728 79
0.04112304014415713 114

 100 90.3019426651299 9
-3.2122585978358984 268
-1.4551579663529992 268
-0.5766076506115496 268
-0.13733249274082482 268
0.08230508619453758 42
-0.02751370327314362 268
0.02739569146069698 156
0.05485038882761728 79
0.04112304014415713 114

 100 80.3019426651299 9
-3.2122585978358984 268
-1.4551579663529992 268
-0.5766076506115496 268
-0.13733249274082482 268
0.08230508619453758 42
-0.02751370327314362 268
0.02739569146069698 156
0.05485038882761728 79
0.04112304014415713 114

 100 70.3019426651299 9
-3.2122585978358984 268
-1.4551579663529992 268
-0.5766076506115496 268
-0.13733249274082482 268
0.08230508619453758 42
-0.02751370327314362 268
0.02739569146069698 156
0.05485038882761728 79
0.04112304014415713 114

 100 60.3019426651299 9
-3.2122585978358984 268
-1.4551579663529992 268
-0.5766076506115496 268
-0.13733249274082482 268
0.08230508619453758 42
-0.02751370327314362 268
0.02739569146069698 156
0.05485038882761728 79
0.04112304014415713 114

 100 50.3019426651299 9
-3.2122585978358984 268
-1.4551579663529992 268
-0.5766076506115496 268
-0.13733249274082482 268
0.08230508619453758 42
-0.02751370327314362 268
0.02739569146069698 156
0.05485038882761728 79
0.04112304014415713 114

 100 40.3019426651299 9
-3.2122585978358984 268
-1.4551579663529992 268
-0.5766076506115496 268
-0.13733249274082482 268
0.08230508619453758 42
-0.02751370327314362 268
0.02739569146069698 156
0.05485038882761728 79
0.04112304014415713 114
0.047986714485887205 95
0.04455487731502217 106

 100 30.3019426651299 9
-3.2122585978358984 268
-1.4551579663529992 268
-0.5766076506115496 268
-0.13733249274082482 268
0.08230508619453758 42
-0.02751370327314362 268
0.02739569146069698 156
0.05485038882761728 79
0.04112304014415713 114
0.047986714485887205 95
0.04455487731502217 106

 100 20.3019426651299 9
-3.2122585978358984 268
-1.4551579663529992 268
-0.5766076506115496 268
-0.13733249274082482 268
0.08230508619453758 42
-0.02751370327314362 268
0.02739569146069698 156
0.05485038882761728 79
0.04112304014415713 114
0.047986714485887205 95
0.04455487731502217 106
0.046270795900454686 103

 100 10.3019426651299 9
-3.2122585978358984 268
-1.4551579663529992 268
-0.5766076506115496 268
-0.13733249274082482 268
0.08230508619453758 42
-0.02751370327314362 268
0.02739569146069698 156
0.05485038882761728 79
0.04112304014415713 114
0.047986714485887205 95
0.04455487731502217 106
0.046270795900454686 103

 100 00.3019426651299 9
-3.2122585978358984 268
-1.4551579663529992 268
-0.5766076506115496 268
-0.13733249274082482 268
0.08230508619453758 42
-0.02751370327314362 268
0.02739569146069698 156
0.05485038882761728 79
0.04112304014415713 114
0.047986714485887205 95
0.04455487731502217 106
0.046270795900454686 103
0.047128755193170946 99
0.046699775546812816 103


100 0.04691426536999188 0
