
 97 47-0.5099734216928482 269
4.959602408111095 4
2.2248144932091236 5

 97 47-0.5099734216928482 269
4.959602408111095 4
2.2248144932091236 5
0.8574205357581377 10

 97 46-0.5099734216928482 269
4.959602408111095 4
2.2248144932091236 5
0.8574205357581377 10

 97 45-0.5099734216928482 269
4.959602408111095 4
2.2248144932091236 5
0.8574205357581377 10

 97 44-0.5099734216928482 269
4.959602408111095 4
2.2248144932091236 5
0.8574205357581377 10

 97 43-0.5099734216928482 269
4.959602408111095 4
2.2248144932091236 5
0.8574205357581377 10

 97 42-0.5099734216928482 269
4.959602408111095 4
2.2248144932091236 5
0.8574205357581377 10

 97 41-0.5099734216928482 269
4.959602408111095 4
2.2248144932091236 5
0.8574205357581377 10

 97 40-0.5099734216928482 269
4.959602408111095 4
2.2248144932091236 5
0.8574205357581377 10

 97 39-0.5099734216928482 269
4.959602408111095 4
2.2248144932091236 5
0.8574205357581377 10

 97 38-0.5099734216928482 269
4.959602408111095 4
2.2248144932091236 5
0.8574205357581377 10

 97 37-0.5099734216928482 269
4.959602408111095 4
2.2248144932091236 5
0.8574205357581377 10

 97 36-0.5099734216928482 269
4.959602408111095 4
2.2248144932091236 5
0.8574205357581377 10

 97 35-0.5099734216928482 269
4.959602408111095 4
2.2248144932091236 5
0.8574205357581377 10

 97 34-0.5099734216928482 269
4.959602408111095 4
2.2248144932091236 5
0.8574205357581377 10

 97 33-0.5099734216928482 269
4.959602408111095 4
2.2248144932091236 5
0.8574205357581377 10

 97 32-0.5099734216928482 269
4.959602408111095 4
2.2248144932091236 5
0.8574205357581377 10

 97 31-0.5099734216928482 269
4.959602408111095 4
2.2248144932091236 5
0.8574205357581377 10

 97 30-0.5099734216928482 269
4.959602408111095 4
2.2248144932091236 5
0.8574205357581377 10

 97 29-0.5099734216928482 269
4.959602408111095 4
2.2248144932091236 5
0.8574205357581377 10

 97 28-0.5099734216928482 269
4.959602408111095 4
2.2248144932091236 5
0.8574205357581377 10

 97 27-0.5099734216928482 269
4.959602408111095 4
2.2248144932091236 5
0.8574205357581377 10

 97 26-0.5099734216928482 269
4.959602408111095 4
2.2248144932091236 5
0.8574205357581377 10

 97 25-0.5099734216928482 269
4.959602408111095 4
2.2248144932091236 5
0.8574205357581377 10

 97 24-0.5099734216928482 269
4.959602408111095 4
2.2248144932091236 5
0.8574205357581377 10

 97 23-0.5099734216928482 269
4.959602408111095 4
2.2248144932091236 5
0.8574205357581377 10

 97 22-0.5099734216928482 269
4.959602408111095 4
2.2248144932091236 5
0.8574205357581377 10

 97 21-0.5099734216928482 269
4.959602408111095 4
2.2248144932091236 5
0.8574205357581377 10

 97 20-0.5099734216928482 269
4.959602408111095 4
2.2248144932091236 5
0.8574205357581377 10

 97 19-0.5099734216928482 269
4.959602408111095 4
2.2248144932091236 5
0.8574205357581377 10

 97 18-0.5099734216928482 269
4.959602408111095 4
2.2248144932091236 5
0.8574205357581377 10

 97 17-0.5099734216928482 269
4.959602408111095 4
2.2248144932091236 5
0.8574205357581377 10

 97 16-0.5099734216928482 269
4.959602408111095 4
2.2248144932091236 5
0.8574205357581377 10

 97 15-0.5099734216928482 269
4.959602408111095 4
2.2248144932091236 5
0.8574205357581377 10

 97 14-0.5099734216928482 269
4.959602408111095 4
2.2248144932091236 5
0.8574205357581377 10

 97 13-0.5099734216928482 269
4.959602408111095 4
2.2248144932091236 5
0.8574205357581377 10

 97 12-0.5099734216928482 269
4.959602408111095 4
2.2248144932091236 5
0.8574205357581377 10

 97 11-0.5099734216928482 269
4.959602408111095 4
2.2248144932091236 5
0.8574205357581377 10

 97 10-0.5099734216928482 269
4.959602408111095 4
2.2248144932091236 5
0.8574205357581377 10

 97 9-0.5099734216928482 269
4.959602408111095 4
2.2248144932091236 5
0.8574205357581377 10

 97 8-0.5099734216928482 269
4.959602408111095 4
2.2248144932091236 5
0.8574205357581377 10

 97 7-0.5099734216928482 269
4.959602408111095 4
2.2248144932091236 5
0.8574205357581377 10

 97 6-0.5099734216928482 269
4.959602408111095 4
2.2248144932091236 5
0.8574205357581377 10

 97 5-0.5099734216928482 269
4.959602408111095 4
2.2248144932091236 5
0.8574205357581377 10

 97 4-0.5099734216928482 269
4.959602408111095 4
2.2248144932091236 5
0.8574205357581377 10

 97 3-0.5099734216928482 269
4.959602408111095 4
2.2248144932091236 5
0.8574205357581377 10
0.17372355703264475 93
-0.16812493233010173 268
0.00279931235127151 262
0.08826143469195813 171
0.13099249586230144 128
0.1523580264474731 108

 97 2-0.5099734216928482 269
4.959602408111095 4
2.2248144932091236 5
0.8574205357581377 10
0.17372355703264475 93
-0.16812493233010173 268
0.00279931235127151 262
0.08826143469195813 171
0.13099249586230144 128
0.1523580264474731 108

 97 1-0.5099734216928482 269
4.959602408111095 4
2.2248144932091236 5
0.8574205357581377 10
0.17372355703264475 93
-0.16812493233010173 268
0.00279931235127151 262
0.08826143469195813 171
0.13099249586230144 128
0.1523580264474731 108

 97 0-0.5099734216928482 269
4.959602408111095 4
2.2248144932091236 5
0.8574205357581377 10
0.17372355703264475 93
-0.16812493233010173 268
0.00279931235127151 262
0.08826143469195813 171
0.13099249586230144 128
0.1523580264474731 108
0.16304079174005892 98
0.16838217438635183 96


97 0.16571148306320538 0
