
 100 49
 100 48
 100 470.023006037179486544 52
0.011503018589743272 150

 100 460.023006037179486544 52
0.011503018589743272 150

 100 450.023006037179486544 52
0.011503018589743272 150

 100 440.023006037179486544 52
0.011503018589743272 150

 100 430.023006037179486544 52
0.011503018589743272 150

 100 420.023006037179486544 52
0.011503018589743272 150

 100 410.023006037179486544 52
0.011503018589743272 150

 100 400.023006037179486544 52
0.011503018589743272 150

 100 390.023006037179486544 52
0.011503018589743272 150

 100 380.023006037179486544 52
0.011503018589743272 150

 100 370.023006037179486544 52
0.011503018589743272 150

 100 360.023006037179486544 52
0.011503018589743272 150

 100 350.023006037179486544 52
0.011503018589743272 150

 100 340.023006037179486544 52
0.011503018589743272 150

 100 330.023006037179486544 52
0.011503018589743272 150

 100 320.023006037179486544 52
0.011503018589743272 150

 100 310.023006037179486544 52
0.011503018589743272 150

 100 300.023006037179486544 52
0.011503018589743272 150

 100 290.023006037179486544 52
0.011503018589743272 150

 100 280.023006037179486544 52
0.011503018589743272 150

 100 270.023006037179486544 52
0.011503018589743272 150

 100 260.023006037179486544 52
0.011503018589743272 150

 100 250.023006037179486544 52
0.011503018589743272 150

 100 240.023006037179486544 52
0.011503018589743272 150

 100 230.023006037179486544 52
0.011503018589743272 150

 100 220.023006037179486544 52
0.011503018589743272 150

 100 210.023006037179486544 52
0.011503018589743272 150

 100 200.023006037179486544 52
0.011503018589743272 150

 100 190.023006037179486544 52
0.011503018589743272 150

 100 180.023006037179486544 52
0.011503018589743272 150

 100 170.023006037179486544 52
0.011503018589743272 150

 100 160.023006037179486544 52
0.011503018589743272 150

 100 150.023006037179486544 52
0.011503018589743272 150

 100 140.023006037179486544 52
0.011503018589743272 150

 100 130.023006037179486544 52
0.011503018589743272 150

 100 120.023006037179486544 52
0.011503018589743272 150

 100 110.023006037179486544 52
0.011503018589743272 150

 100 100.023006037179486544 52
0.011503018589743272 150

 100 90.023006037179486544 52
0.011503018589743272 150

 100 80.023006037179486544 52
0.011503018589743272 150

 100 70.023006037179486544 52
0.011503018589743272 150
0.017254527884614908 108
0.020130282532050726 80

 100 60.023006037179486544 52
0.011503018589743272 150
0.017254527884614908 108
0.020130282532050726 80

 100 50.023006037179486544 52
0.011503018589743272 150
0.017254527884614908 108
0.020130282532050726 80

 100 40.023006037179486544 52
0.011503018589743272 150
0.017254527884614908 108
0.020130282532050726 80

 100 30.023006037179486544 52
0.011503018589743272 150
0.017254527884614908 108
0.020130282532050726 80

 100 20.023006037179486544 52
0.011503018589743272 150
0.017254527884614908 108
0.020130282532050726 80

 100 10.023006037179486544 52
0.011503018589743272 150
0.017254527884614908 108
0.020130282532050726 80

 100 00.023006037179486544 52
0.011503018589743272 150
0.017254527884614908 108
0.020130282532050726 80
0.01869240520833282 99
0.017973466546473863 104
0.01833293587740334 103
0.01851267054286808 103
0.01860253787560045 99


99 0.01869240520833282 7
