
 91 440.03621719909928997 20
0.018108599549644985 147

 91 430.03621719909928997 20
0.018108599549644985 147

 91 420.03621719909928997 20
0.018108599549644985 147

 91 410.03621719909928997 20
0.018108599549644985 147

 91 400.03621719909928997 20
0.018108599549644985 147

 91 390.03621719909928997 20
0.018108599549644985 147

 91 380.03621719909928997 20
0.018108599549644985 147

 91 370.03621719909928997 20
0.018108599549644985 147

 91 360.03621719909928997 20
0.018108599549644985 147

 91 350.03621719909928997 20
0.018108599549644985 147

 91 340.03621719909928997 20
0.018108599549644985 147

 91 330.03621719909928997 20
0.018108599549644985 147

 91 320.03621719909928997 20
0.018108599549644985 147

 91 310.03621719909928997 20
0.018108599549644985 147

 91 300.03621719909928997 20
0.018108599549644985 147

 91 290.03621719909928997 20
0.018108599549644985 147

 91 280.03621719909928997 20
0.018108599549644985 147

 91 270.03621719909928997 20
0.018108599549644985 147

 91 260.03621719909928997 20
0.018108599549644985 147

 91 250.03621719909928997 20
0.018108599549644985 147

 91 240.03621719909928997 20
0.018108599549644985 147

 91 230.03621719909928997 20
0.018108599549644985 147

 91 220.03621719909928997 20
0.018108599549644985 147

 91 210.03621719909928997 20
0.018108599549644985 147

 91 200.03621719909928997 20
0.018108599549644985 147

 91 190.03621719909928997 20
0.018108599549644985 147

 91 180.03621719909928997 20
0.018108599549644985 147

 91 170.03621719909928997 20
0.018108599549644985 147

 91 160.03621719909928997 20
0.018108599549644985 147

 91 150.03621719909928997 20
0.018108599549644985 147

 91 140.03621719909928997 20
0.018108599549644985 147

 91 130.03621719909928997 20
0.018108599549644985 147
0.027162899324467478 77

 91 120.03621719909928997 20
0.018108599549644985 147
0.027162899324467478 77

 91 110.03621719909928997 20
0.018108599549644985 147
0.027162899324467478 77

 91 100.03621719909928997 20
0.018108599549644985 147
0.027162899324467478 77

 91 90.03621719909928997 20
0.018108599549644985 147
0.027162899324467478 77
0.02263574943705623 101

 91 80.03621719909928997 20
0.018108599549644985 147
0.027162899324467478 77
0.02263574943705623 101

 91 70.03621719909928997 20
0.018108599549644985 147
0.027162899324467478 77
0.02263574943705623 101

 91 60.03621719909928997 20
0.018108599549644985 147
0.027162899324467478 77
0.02263574943705623 101

 91 50.03621719909928997 20
0.018108599549644985 147
0.027162899324467478 77
0.02263574943705623 101

 91 40.03621719909928997 20
0.018108599549644985 147
0.027162899324467478 77
0.02263574943705623 101

 91 30.03621719909928997 20
0.018108599549644985 147
0.027162899324467478 77
0.02263574943705623 101

 91 20.03621719909928997 20
0.018108599549644985 147
0.027162899324467478 77
0.02263574943705623 101

 91 10.03621719909928997 20
0.018108599549644985 147
0.027162899324467478 77
0.02263574943705623 101
0.024899324380761853 89
0.023767536908909044 96

 91 00.03621719909928997 20
0.018108599549644985 147
0.027162899324467478 77
0.02263574943705623 101
0.024899324380761853 89
0.023767536908909044 96


91 0.02433343064483545 1
