
 91 44-0.5425316691398621 269
4.291303068399429 2
1.8743856996297836 2
0.6659270152449608 4

 91 43-0.5425316691398621 269
4.291303068399429 2
1.8743856996297836 2
0.6659270152449608 4

 91 42-0.5425316691398621 269
4.291303068399429 2
1.8743856996297836 2
0.6659270152449608 4

 91 41-0.5425316691398621 269
4.291303068399429 2
1.8743856996297836 2
0.6659270152449608 4

 91 40-0.5425316691398621 269
4.291303068399429 2
1.8743856996297836 2
0.6659270152449608 4

 91 39-0.5425316691398621 269
4.291303068399429 2
1.8743856996297836 2
0.6659270152449608 4

 91 38-0.5425316691398621 269
4.291303068399429 2
1.8743856996297836 2
0.6659270152449608 4

 91 37-0.5425316691398621 269
4.291303068399429 2
1.8743856996297836 2
0.6659270152449608 4

 91 36-0.5425316691398621 269
4.291303068399429 2
1.8743856996297836 2
0.6659270152449608 4

 91 35-0.5425316691398621 269
4.291303068399429 2
1.8743856996297836 2
0.6659270152449608 4

 91 34-0.5425316691398621 269
4.291303068399429 2
1.8743856996297836 2
0.6659270152449608 4

 91 33-0.5425316691398621 269
4.291303068399429 2
1.8743856996297836 2
0.6659270152449608 4

 91 32-0.5425316691398621 269
4.291303068399429 2
1.8743856996297836 2
0.6659270152449608 4

 91 31-0.5425316691398621 269
4.291303068399429 2
1.8743856996297836 2
0.6659270152449608 4

 91 30-0.5425316691398621 269
4.291303068399429 2
1.8743856996297836 2
0.6659270152449608 4

 91 29-0.5425316691398621 269
4.291303068399429 2
1.8743856996297836 2
0.6659270152449608 4

 91 28-0.5425316691398621 269
4.291303068399429 2
1.8743856996297836 2
0.6659270152449608 4

 91 27-0.5425316691398621 269
4.291303068399429 2
1.8743856996297836 2
0.6659270152449608 4

 91 26-0.5425316691398621 269
4.291303068399429 2
1.8743856996297836 2
0.6659270152449608 4

 91 25-0.5425316691398621 269
4.291303068399429 2
1.8743856996297836 2
0.6659270152449608 4

 91 24-0.5425316691398621 269
4.291303068399429 2
1.8743856996297836 2
0.6659270152449608 4

 91 23-0.5425316691398621 269
4.291303068399429 2
1.8743856996297836 2
0.6659270152449608 4

 91 22-0.5425316691398621 269
4.291303068399429 2
1.8743856996297836 2
0.6659270152449608 4

 91 21-0.5425316691398621 269
4.291303068399429 2
1.8743856996297836 2
0.6659270152449608 4

 91 20-0.5425316691398621 269
4.291303068399429 2
1.8743856996297836 2
0.6659270152449608 4

 91 19-0.5425316691398621 269
4.291303068399429 2
1.8743856996297836 2
0.6659270152449608 4

 91 18-0.5425316691398621 269
4.291303068399429 2
1.8743856996297836 2
0.6659270152449608 4

 91 17-0.5425316691398621 269
4.291303068399429 2
1.8743856996297836 2
0.6659270152449608 4

 91 16-0.5425316691398621 269
4.291303068399429 2
1.8743856996297836 2
0.6659270152449608 4

 91 15-0.5425316691398621 269
4.291303068399429 2
1.8743856996297836 2
0.6659270152449608 4

 91 14-0.5425316691398621 269
4.291303068399429 2
1.8743856996297836 2
0.6659270152449608 4
0.06169767305254936 106
0.3638123441487551 5
0.21275500860065222 12
0.1372263408266008 31
0.09946200693957508 51
0.08057983999606222 74

 91 13-0.5425316691398621 269
4.291303068399429 2
1.8743856996297836 2
0.6659270152449608 4
0.06169767305254936 106
0.3638123441487551 5
0.21275500860065222 12
0.1372263408266008 31
0.09946200693957508 51
0.08057983999606222 74

 91 12-0.5425316691398621 269
4.291303068399429 2
1.8743856996297836 2
0.6659270152449608 4
0.06169767305254936 106
0.3638123441487551 5
0.21275500860065222 12
0.1372263408266008 31
0.09946200693957508 51
0.08057983999606222 74

 91 11-0.5425316691398621 269
4.291303068399429 2
1.8743856996297836 2
0.6659270152449608 4
0.06169767305254936 106
0.3638123441487551 5
0.21275500860065222 12
0.1372263408266008 31
0.09946200693957508 51
0.08057983999606222 74

 91 10-0.5425316691398621 269
4.291303068399429 2
1.8743856996297836 2
0.6659270152449608 4
0.06169767305254936 106
0.3638123441487551 5
0.21275500860065222 12
0.1372263408266008 31
0.09946200693957508 51
0.08057983999606222 74

 91 9-0.5425316691398621 269
4.291303068399429 2
1.8743856996297836 2
0.6659270152449608 4
0.06169767305254936 106
0.3638123441487551 5
0.21275500860065222 12
0.1372263408266008 31
0.09946200693957508 51
0.08057983999606222 74

 91 8-0.5425316691398621 269
4.291303068399429 2
1.8743856996297836 2
0.6659270152449608 4
0.06169767305254936 106
0.3638123441487551 5
0.21275500860065222 12
0.1372263408266008 31
0.09946200693957508 51
0.08057983999606222 74

 91 7-0.5425316691398621 269
4.291303068399429 2
1.8743856996297836 2
0.6659270152449608 4
0.06169767305254936 106
0.3638123441487551 5
0.21275500860065222 12
0.1372263408266008 31
0.09946200693957508 51
0.08057983999606222 74

 91 6-0.5425316691398621 269
4.291303068399429 2
1.8743856996297836 2
0.6659270152449608 4
0.06169767305254936 106
0.3638123441487551 5
0.21275500860065222 12
0.1372263408266008 31
0.09946200693957508 51
0.08057983999606222 74

 91 5-0.5425316691398621 269
4.291303068399429 2
1.8743856996297836 2
0.6659270152449608 4
0.06169767305254936 106
0.3638123441487551 5
0.21275500860065222 12
0.1372263408266008 31
0.09946200693957508 51
0.08057983999606222 74

 91 4-0.5425316691398621 269
4.291303068399429 2
1.8743856996297836 2
0.6659270152449608 4
0.06169767305254936 106
0.3638123441487551 5
0.21275500860065222 12
0.1372263408266008 31
0.09946200693957508 51
0.08057983999606222 74

 91 3-0.5425316691398621 269
4.291303068399429 2
1.8743856996297836 2
0.6659270152449608 4
0.06169767305254936 106
0.3638123441487551 5
0.21275500860065222 12
0.1372263408266008 31
0.09946200693957508 51
0.08057983999606222 74

 91 2-0.5425316691398621 269
4.291303068399429 2
1.8743856996297836 2
0.6659270152449608 4
0.06169767305254936 106
0.3638123441487551 5
0.21275500860065222 12
0.1372263408266008 31
0.09946200693957508 51
0.08057983999606222 74

 91 1-0.5425316691398621 269
4.291303068399429 2
1.8743856996297836 2
0.6659270152449608 4
0.06169767305254936 106
0.3638123441487551 5
0.21275500860065222 12
0.1372263408266008 31
0.09946200693957508 51
0.08057983999606222 74

 91 0-0.5425316691398621 269
4.291303068399429 2
1.8743856996297836 2
0.6659270152449608 4
0.06169767305254936 106
0.3638123441487551 5
0.21275500860065222 12
0.1372263408266008 31
0.09946200693957508 51
0.08057983999606222 74
0.07113875652430579 90
0.06641821478842758 100
0.06877848565636668 96
0.06995862109033624 92
0.07054868880732101 92


91 0.0708437226658134 0
