
 91 445.555535452440381 2
2.7782184053212404 2
1.3895598817616701 3
0.695230619981885 5
0.3480659890919924 7
0.1744836736470461 30

 91 435.555535452440381 2
2.7782184053212404 2
1.3895598817616701 3
0.695230619981885 5
0.3480659890919924 7
0.1744836736470461 30

 91 425.555535452440381 2
2.7782184053212404 2
1.3895598817616701 3
0.695230619981885 5
0.3480659890919924 7
0.1744836736470461 30

 91 415.555535452440381 2
2.7782184053212404 2
1.3895598817616701 3
0.695230619981885 5
0.3480659890919924 7
0.1744836736470461 30

 91 405.555535452440381 2
2.7782184053212404 2
1.3895598817616701 3
0.695230619981885 5
0.3480659890919924 7
0.1744836736470461 30

 91 395.555535452440381 2
2.7782184053212404 2
1.3895598817616701 3
0.695230619981885 5
0.3480659890919924 7
0.1744836736470461 30

 91 385.555535452440381 2
2.7782184053212404 2
1.3895598817616701 3
0.695230619981885 5
0.3480659890919924 7
0.1744836736470461 30

 91 375.555535452440381 2
2.7782184053212404 2
1.3895598817616701 3
0.695230619981885 5
0.3480659890919924 7
0.1744836736470461 30

 91 365.555535452440381 2
2.7782184053212404 2
1.3895598817616701 3
0.695230619981885 5
0.3480659890919924 7
0.1744836736470461 30

 91 355.555535452440381 2
2.7782184053212404 2
1.3895598817616701 3
0.695230619981885 5
0.3480659890919924 7
0.1744836736470461 30

 91 345.555535452440381 2
2.7782184053212404 2
1.3895598817616701 3
0.695230619981885 5
0.3480659890919924 7
0.1744836736470461 30

 91 335.555535452440381 2
2.7782184053212404 2
1.3895598817616701 3
0.695230619981885 5
0.3480659890919924 7
0.1744836736470461 30

 91 325.555535452440381 2
2.7782184053212404 2
1.3895598817616701 3
0.695230619981885 5
0.3480659890919924 7
0.1744836736470461 30

 91 315.555535452440381 2
2.7782184053212404 2
1.3895598817616701 3
0.695230619981885 5
0.3480659890919924 7
0.1744836736470461 30

 91 305.555535452440381 2
2.7782184053212404 2
1.3895598817616701 3
0.695230619981885 5
0.3480659890919924 7
0.1744836736470461 30

 91 295.555535452440381 2
2.7782184053212404 2
1.3895598817616701 3
0.695230619981885 5
0.3480659890919924 7
0.1744836736470461 30

 91 285.555535452440381 2
2.7782184053212404 2
1.3895598817616701 3
0.695230619981885 5
0.3480659890919924 7
0.1744836736470461 30

 91 275.555535452440381 2
2.7782184053212404 2
1.3895598817616701 3
0.695230619981885 5
0.3480659890919924 7
0.1744836736470461 30

 91 265.555535452440381 2
2.7782184053212404 2
1.3895598817616701 3
0.695230619981885 5
0.3480659890919924 7
0.1744836736470461 30

 91 255.555535452440381 2
2.7782184053212404 2
1.3895598817616701 3
0.695230619981885 5
0.3480659890919924 7
0.1744836736470461 30

 91 245.555535452440381 2
2.7782184053212404 2
1.3895598817616701 3
0.695230619981885 5
0.3480659890919924 7
0.1744836736470461 30

 91 235.555535452440381 2
2.7782184053212404 2
1.3895598817616701 3
0.695230619981885 5
0.3480659890919924 7
0.1744836736470461 30

 91 225.555535452440381 2
2.7782184053212404 2
1.3895598817616701 3
0.695230619981885 5
0.3480659890919924 7
0.1744836736470461 30

 91 215.555535452440381 2
2.7782184053212404 2
1.3895598817616701 3
0.695230619981885 5
0.3480659890919924 7
0.1744836736470461 30

 91 205.555535452440381 2
2.7782184053212404 2
1.3895598817616701 3
0.695230619981885 5
0.3480659890919924 7
0.1744836736470461 30

 91 195.555535452440381 2
2.7782184053212404 2
1.3895598817616701 3
0.695230619981885 5
0.3480659890919924 7
0.1744836736470461 30

 91 185.555535452440381 2
2.7782184053212404 2
1.3895598817616701 3
0.695230619981885 5
0.3480659890919924 7
0.1744836736470461 30

 91 175.555535452440381 2
2.7782184053212404 2
1.3895598817616701 3
0.695230619981885 5
0.3480659890919924 7
0.1744836736470461 30

 91 165.555535452440381 2
2.7782184053212404 2
1.3895598817616701 3
0.695230619981885 5
0.3480659890919924 7
0.1744836736470461 30

 91 155.555535452440381 2
2.7782184053212404 2
1.3895598817616701 3
0.695230619981885 5
0.3480659890919924 7
0.1744836736470461 30

 91 145.555535452440381 2
2.7782184053212404 2
1.3895598817616701 3
0.695230619981885 5
0.3480659890919924 7
0.1744836736470461 30

 91 135.555535452440381 2
2.7782184053212404 2
1.3895598817616701 3
0.695230619981885 5
0.3480659890919924 7
0.1744836736470461 30

 91 125.555535452440381 2
2.7782184053212404 2
1.3895598817616701 3
0.695230619981885 5
0.3480659890919924 7
0.1744836736470461 30

 91 115.555535452440381 2
2.7782184053212404 2
1.3895598817616701 3
0.695230619981885 5
0.3480659890919924 7
0.1744836736470461 30
0.08769251592457294 103
0.13108809478580952 55
0.10939030535519123 76

 91 105.555535452440381 2
2.7782184053212404 2
1.3895598817616701 3
0.695230619981885 5
0.3480659890919924 7
0.1744836736470461 30
0.08769251592457294 103
0.13108809478580952 55
0.10939030535519123 76

 91 95.555535452440381 2
2.7782184053212404 2
1.3895598817616701 3
0.695230619981885 5
0.3480659890919924 7
0.1744836736470461 30
0.08769251592457294 103
0.13108809478580952 55
0.10939030535519123 76

 91 85.555535452440381 2
2.7782184053212404 2
1.3895598817616701 3
0.695230619981885 5
0.3480659890919924 7
0.1744836736470461 30
0.08769251592457294 103
0.13108809478580952 55
0.10939030535519123 76

 91 75.555535452440381 2
2.7782184053212404 2
1.3895598817616701 3
0.695230619981885 5
0.3480659890919924 7
0.1744836736470461 30
0.08769251592457294 103
0.13108809478580952 55
0.10939030535519123 76

 91 65.555535452440381 2
2.7782184053212404 2
1.3895598817616701 3
0.695230619981885 5
0.3480659890919924 7
0.1744836736470461 30
0.08769251592457294 103
0.13108809478580952 55
0.10939030535519123 76

 91 55.555535452440381 2
2.7782184053212404 2
1.3895598817616701 3
0.695230619981885 5
0.3480659890919924 7
0.1744836736470461 30
0.08769251592457294 103
0.13108809478580952 55
0.10939030535519123 76

 91 45.555535452440381 2
2.7782184053212404 2
1.3895598817616701 3
0.695230619981885 5
0.3480659890919924 7
0.1744836736470461 30
0.08769251592457294 103
0.13108809478580952 55
0.10939030535519123 76

 91 35.555535452440381 2
2.7782184053212404 2
1.3895598817616701 3
0.695230619981885 5
0.3480659890919924 7
0.1744836736470461 30
0.08769251592457294 103
0.13108809478580952 55
0.10939030535519123 76

 91 25.555535452440381 2
2.7782184053212404 2
1.3895598817616701 3
0.695230619981885 5
0.3480659890919924 7
0.1744836736470461 30
0.08769251592457294 103
0.13108809478580952 55
0.10939030535519123 76

 91 15.555535452440381 2
2.7782184053212404 2
1.3895598817616701 3
0.695230619981885 5
0.3480659890919924 7
0.1744836736470461 30
0.08769251592457294 103
0.13108809478580952 55
0.10939030535519123 76

 91 05.555535452440381 2
2.7782184053212404 2
1.3895598817616701 3
0.695230619981885 5
0.3480659890919924 7
0.1744836736470461 30
0.08769251592457294 103
0.13108809478580952 55
0.10939030535519123 76
0.09854141063988209 90
0.09311696328222752 96


91 0.0958291869610548 0
