
 92 45
 92 44
 92 43
 92 42
 92 41
 92 40
 92 39
 92 38
 92 37
 92 36
 92 35
 92 34
 92 33
 92 32
 92 31
 92 30
 92 29
 92 28
 92 27
 92 26
 92 25
 92 24
 92 23
 92 22
 92 21
 92 20
 92 19
 92 18
 92 17
 92 16
 92 15
 92 14
 92 13
 92 12
 92 11
 92 10
 92 91.0741798877716064 82
-3.8769476413726807 269
-1.401383876800537 269
-0.16360199451446533 266
0.45528894662857056 189
0.7647344172000885 132
0.9194571524858475 105

 92 81.0741798877716064 82
-3.8769476413726807 269
-1.401383876800537 269
-0.16360199451446533 266
0.45528894662857056 189
0.7647344172000885 132
0.9194571524858475 105

 92 71.0741798877716064 82
-3.8769476413726807 269
-1.401383876800537 269
-0.16360199451446533 266
0.45528894662857056 189
0.7647344172000885 132
0.9194571524858475 105

 92 61.0741798877716064 82
-3.8769476413726807 269
-1.401383876800537 269
-0.16360199451446533 266
0.45528894662857056 189
0.7647344172000885 132
0.9194571524858475 105

 92 51.0741798877716064 82
-3.8769476413726807 269
-1.401383876800537 269
-0.16360199451446533 266
0.45528894662857056 189
0.7647344172000885 132
0.9194571524858475 105

 92 41.0741798877716064 82
-3.8769476413726807 269
-1.401383876800537 269
-0.16360199451446533 266
0.45528894662857056 189
0.7647344172000885 132
0.9194571524858475 105

 92 31.0741798877716064 82
-3.8769476413726807 269
-1.401383876800537 269
-0.16360199451446533 266
0.45528894662857056 189
0.7647344172000885 132
0.9194571524858475 105

 92 21.0741798877716064 82
-3.8769476413726807 269
-1.401383876800537 269
-0.16360199451446533 266
0.45528894662857056 189
0.7647344172000885 132
0.9194571524858475 105

 92 11.0741798877716064 82
-3.8769476413726807 269
-1.401383876800537 269
-0.16360199451446533 266
0.45528894662857056 189
0.7647344172000885 132
0.9194571524858475 105

 92 01.0741798877716064 82
-3.8769476413726807 269
-1.401383876800537 269
-0.16360199451446533 266
0.45528894662857056 189
0.7647344172000885 132
0.9194571524858475 105
0.996818520128727 91
0.9581378363072872 98
0.9774781782180071 95
0.987148349173367 93
0.991983434651047 93


92 0.994400977389887 0
