
 92 456.057265734300017 16
3.032021736726165 38

 92 446.057265734300017 16
3.032021736726165 38

 92 436.057265734300017 16
3.032021736726165 38

 92 426.057265734300017 16
3.032021736726165 38

 92 416.057265734300017 16
3.032021736726165 38

 92 406.057265734300017 16
3.032021736726165 38

 92 396.057265734300017 16
3.032021736726165 38

 92 386.057265734300017 16
3.032021736726165 38

 92 376.057265734300017 16
3.032021736726165 38

 92 366.057265734300017 16
3.032021736726165 38

 92 356.057265734300017 16
3.032021736726165 38

 92 346.057265734300017 16
3.032021736726165 38

 92 336.057265734300017 16
3.032021736726165 38

 92 326.057265734300017 16
3.032021736726165 38

 92 316.057265734300017 16
3.032021736726165 38

 92 306.057265734300017 16
3.032021736726165 38

 92 296.057265734300017 16
3.032021736726165 38

 92 286.057265734300017 16
3.032021736726165 38

 92 276.057265734300017 16
3.032021736726165 38

 92 266.057265734300017 16
3.032021736726165 38

 92 256.057265734300017 16
3.032021736726165 38

 92 246.057265734300017 16
3.032021736726165 38

 92 236.057265734300017 16
3.032021736726165 38

 92 226.057265734300017 16
3.032021736726165 38

 92 216.057265734300017 16
3.032021736726165 38

 92 206.057265734300017 16
3.032021736726165 38

 92 196.057265734300017 16
3.032021736726165 38

 92 186.057265734300017 16
3.032021736726165 38

 92 176.057265734300017 16
3.032021736726165 38

 92 166.057265734300017 16
3.032021736726165 38

 92 156.057265734300017 16
3.032021736726165 38

 92 146.057265734300017 16
3.032021736726165 38

 92 136.057265734300017 16
3.032021736726165 38

 92 126.057265734300017 16
3.032021736726165 38

 92 116.057265734300017 16
3.032021736726165 38

 92 106.057265734300017 16
3.032021736726165 38

 92 96.057265734300017 16
3.032021736726165 38

 92 86.057265734300017 16
3.032021736726165 38

 92 76.057265734300017 16
3.032021736726165 38

 92 66.057265734300017 16
3.032021736726165 38

 92 56.057265734300017 16
3.032021736726165 38

 92 46.057265734300017 16
3.032021736726165 38

 92 36.057265734300017 16
3.032021736726165 38
1.5193997379392385 88
0.7630887385457754 132
1.141244238242507 110
1.3303219880908728 98

 92 26.057265734300017 16
3.032021736726165 38
1.5193997379392385 88
0.7630887385457754 132
1.141244238242507 110
1.3303219880908728 98

 92 16.057265734300017 16
3.032021736726165 38
1.5193997379392385 88
0.7630887385457754 132
1.141244238242507 110
1.3303219880908728 98

 92 06.057265734300017 16
3.032021736726165 38
1.5193997379392385 88
0.7630887385457754 132
1.141244238242507 110
1.3303219880908728 98
1.4248608630150557 91
1.3775914255529642 94
1.40122614428401 93


92 1.4130435036495328 0
