
 92 45
 92 44
 92 43
 92 42
 92 41
 92 40
 92 39
 92 38
 92 37
 92 36
 92 35
 92 34
 92 33
 92 32
 92 31
 92 30
 92 29
 92 280.12327756582140359 63
0.061638782910701795 157

 92 270.12327756582140359 63
0.061638782910701795 157

 92 260.12327756582140359 63
0.061638782910701795 157

 92 250.12327756582140359 63
0.061638782910701795 157

 92 240.12327756582140359 63
0.061638782910701795 157

 92 230.12327756582140359 63
0.061638782910701795 157

 92 220.12327756582140359 63
0.061638782910701795 157

 92 210.12327756582140359 63
0.061638782910701795 157

 92 200.12327756582140359 63
0.061638782910701795 157

 92 190.12327756582140359 63
0.061638782910701795 157

 92 180.12327756582140359 63
0.061638782910701795 157

 92 170.12327756582140359 63
0.061638782910701795 157

 92 160.12327756582140359 63
0.061638782910701795 157

 92 150.12327756582140359 63
0.061638782910701795 157

 92 140.12327756582140359 63
0.061638782910701795 157

 92 130.12327756582140359 63
0.061638782910701795 157

 92 120.12327756582140359 63
0.061638782910701795 157

 92 110.12327756582140359 63
0.061638782910701795 157

 92 100.12327756582140359 63
0.061638782910701795 157

 92 90.12327756582140359 63
0.061638782910701795 157

 92 80.12327756582140359 63
0.061638782910701795 157
0.09245817436605269 101
0.10786787009372814 81

 92 70.12327756582140359 63
0.061638782910701795 157
0.09245817436605269 101
0.10786787009372814 81

 92 60.12327756582140359 63
0.061638782910701795 157
0.09245817436605269 101
0.10786787009372814 81

 92 50.12327756582140359 63
0.061638782910701795 157
0.09245817436605269 101
0.10786787009372814 81

 92 40.12327756582140359 63
0.061638782910701795 157
0.09245817436605269 101
0.10786787009372814 81

 92 30.12327756582140359 63
0.061638782910701795 157
0.09245817436605269 101
0.10786787009372814 81

 92 20.12327756582140359 63
0.061638782910701795 157
0.09245817436605269 101
0.10786787009372814 81

 92 10.12327756582140359 63
0.061638782910701795 157
0.09245817436605269 101
0.10786787009372814 81

 92 00.12327756582140359 63
0.061638782910701795 157
0.09245817436605269 101
0.10786787009372814 81


92 0.10016302222989042 8
