Target: 91 Tollerance: 44
Target: 91 Tollerance: 43
Target: 91 Tollerance: 42
Target: 91 Tollerance: 41
Target: 91 Tollerance: 40
Target: 91 Tollerance: 39
Target: 91 Tollerance: 38
Target: 91 Tollerance: 37
Target: 91 Tollerance: 36
Target: 91 Tollerance: 35
Target: 91 Tollerance: 34
Target: 91 Tollerance: 33
Target: 91 Tollerance: 32
Target: 91 Tollerance: 31
Target: 91 Tollerance: 30
Target: 91 Tollerance: 29
Target: 91 Tollerance: 28
Target: 91 Tollerance: 27
Target: 91 Tollerance: 26
Target: 91 Tollerance: 25
Target: 91 Tollerance: 24
Target: 91 Tollerance: 23
Target: 91 Tollerance: 22
Target: 91 Tollerance: 21
Target: 91 Tollerance: 20
Target: 91 Tollerance: 19
Target: 91 Tollerance: 18
Target: 91 Tollerance: 17
Target: 91 Tollerance: 16
Target: 91 Tollerance: 15
-4.261686325073242 107
7.875992774963379 1
1.8071532249450684 1
-1.227266550064087 107
0.2899433374404907 34
-0.4686616063117981 107
-0.08935913443565369 107
0.10029210150241852 107
Target: 91 Tollerance: 14
-4.261686325073242 107
7.875992774963379 1
1.8071532249450684 1
-1.227266550064087 107
0.2899433374404907 34
-0.4686616063117981 107
-0.08935913443565369 107
0.10029210150241852 107
0.19511771947145462 106
0.24253052845597267 69
Target: 91 Tollerance: 13
-4.261686325073242 107
7.875992774963379 1
1.8071532249450684 1
-1.227266550064087 107
0.2899433374404907 34
-0.4686616063117981 107
-0.08935913443565369 107
0.10029210150241852 107
0.19511771947145462 106
0.24253052845597267 69
Target: 91 Tollerance: 12
-4.261686325073242 107
7.875992774963379 1
1.8071532249450684 1
-1.227266550064087 107
0.2899433374404907 34
-0.4686616063117981 107
-0.08935913443565369 107
0.10029210150241852 107
0.19511771947145462 106
0.24253052845597267 69
Target: 91 Tollerance: 11
-4.261686325073242 107
7.875992774963379 1
1.8071532249450684 1
-1.227266550064087 107
0.2899433374404907 34
-0.4686616063117981 107
-0.08935913443565369 107
0.10029210150241852 107
0.19511771947145462 106
0.24253052845597267 69
Target: 91 Tollerance: 10
-4.261686325073242 107
7.875992774963379 1
1.8071532249450684 1
-1.227266550064087 107
0.2899433374404907 34
-0.4686616063117981 107
-0.08935913443565369 107
0.10029210150241852 107
0.19511771947145462 106
0.24253052845597267 69
Target: 91 Tollerance: 9
-4.261686325073242 107
7.875992774963379 1
1.8071532249450684 1
-1.227266550064087 107
0.2899433374404907 34
-0.4686616063117981 107
-0.08935913443565369 107
0.10029210150241852 107
0.19511771947145462 106
0.24253052845597267 69
Target: 91 Tollerance: 8
-4.261686325073242 107
7.875992774963379 1
1.8071532249450684 1
-1.227266550064087 107
0.2899433374404907 34
-0.4686616063117981 107
-0.08935913443565369 107
0.10029210150241852 107
0.19511771947145462 106
0.24253052845597267 69
Target: 91 Tollerance: 7
-4.261686325073242 107
7.875992774963379 1
1.8071532249450684 1
-1.227266550064087 107
0.2899433374404907 34
-0.4686616063117981 107
-0.08935913443565369 107
0.10029210150241852 107
0.19511771947145462 106
0.24253052845597267 69
Target: 91 Tollerance: 6
-4.261686325073242 107
7.875992774963379 1
1.8071532249450684 1
-1.227266550064087 107
0.2899433374404907 34
-0.4686616063117981 107
-0.08935913443565369 107
0.10029210150241852 107
0.19511771947145462 106
0.24253052845597267 69
Target: 91 Tollerance: 5
-4.261686325073242 107
7.875992774963379 1
1.8071532249450684 1
-1.227266550064087 107
0.2899433374404907 34
-0.4686616063117981 107
-0.08935913443565369 107
0.10029210150241852 107
0.19511771947145462 106
0.24253052845597267 69
0.21882412396371365 97
0.23067732620984316 78
0.2247507250867784 85
0.22178742452524602 97
Target: 91 Tollerance: 4
-4.261686325073242 107
7.875992774963379 1
1.8071532249450684 1
-1.227266550064087 107
0.2899433374404907 34
-0.4686616063117981 107
-0.08935913443565369 107
0.10029210150241852 107
0.19511771947145462 106
0.24253052845597267 69
0.21882412396371365 97
0.23067732620984316 78
0.2247507250867784 85
0.22178742452524602 97
Target: 91 Tollerance: 3
-4.261686325073242 107
7.875992774963379 1
1.8071532249450684 1
-1.227266550064087 107
0.2899433374404907 34
-0.4686616063117981 107
-0.08935913443565369 107
0.10029210150241852 107
0.19511771947145462 106
0.24253052845597267 69
0.21882412396371365 97
0.23067732620984316 78
0.2247507250867784 85
0.22178742452524602 97
Target: 91 Tollerance: 2
-4.261686325073242 107
7.875992774963379 1
1.8071532249450684 1
-1.227266550064087 107
0.2899433374404907 34
-0.4686616063117981 107
-0.08935913443565369 107
0.10029210150241852 107
0.19511771947145462 106
0.24253052845597267 69
0.21882412396371365 97
0.23067732620984316 78
0.2247507250867784 85
0.22178742452524602 97
Target: 91 Tollerance: 1
-4.261686325073242 107
7.875992774963379 1
1.8071532249450684 1
-1.227266550064087 107
0.2899433374404907 34
-0.4686616063117981 107
-0.08935913443565369 107
0.10029210150241852 107
0.19511771947145462 106
0.24253052845597267 69
0.21882412396371365 97
0.23067732620984316 78
0.2247507250867784 85
0.22178742452524602 97
Target: 91 Tollerance: 0
-4.261686325073242 107
7.875992774963379 1
1.8071532249450684 1
-1.227266550064087 107
0.2899433374404907 34
-0.4686616063117981 107
-0.08935913443565369 107
0.10029210150241852 107
0.19511771947145462 106
0.24253052845597267 69
0.21882412396371365 97
0.23067732620984316 78
0.2247507250867784 85
0.22178742452524602 97
0.2232690748060122 90
0.22252824966562912 90
0.22215783709543757 97
0.22234304338053335 97
0.22243564652308123 94


90 0.2232690748060122 5
