Target: 97 Tollerance: 47
Target: 97 Tollerance: 46
Target: 97 Tollerance: 45
Target: 97 Tollerance: 44
Target: 97 Tollerance: 43
Target: 97 Tollerance: 42
Target: 97 Tollerance: 41
Target: 97 Tollerance: 40
Target: 97 Tollerance: 39
Target: 97 Tollerance: 38
Target: 97 Tollerance: 37
Target: 97 Tollerance: 36
Target: 97 Tollerance: 35
Target: 97 Tollerance: 34
Target: 97 Tollerance: 33
Target: 97 Tollerance: 32
Target: 97 Tollerance: 31
Target: 97 Tollerance: 30
Target: 97 Tollerance: 29
Target: 97 Tollerance: 28
Target: 97 Tollerance: 27
Target: 97 Tollerance: 26
Target: 97 Tollerance: 25
Target: 97 Tollerance: 24
Target: 97 Tollerance: 23
Target: 97 Tollerance: 22
Target: 97 Tollerance: 21
Target: 97 Tollerance: 20
Target: 97 Tollerance: 19
Target: 97 Tollerance: 18
Target: 97 Tollerance: 17
Target: 97 Tollerance: 16
Target: 97 Tollerance: 15
Target: 97 Tollerance: 14
Target: 97 Tollerance: 13
Target: 97 Tollerance: 12
Target: 97 Tollerance: 11
Target: 97 Tollerance: 10
Target: 97 Tollerance: 9
-1.754533052444458 107
13.021387219429016 1
5.633427083492279 1
1.9394470155239105 1
0.09245698153972626 107
1.0159519985318184 1
0.5542044900357723 2
0.3233307357877493 69
0.20789385866373777 107
Target: 97 Tollerance: 8
-1.754533052444458 107
13.021387219429016 1
5.633427083492279 1
1.9394470155239105 1
0.09245698153972626 107
1.0159519985318184 1
0.5542044900357723 2
0.3233307357877493 69
0.20789385866373777 107
Target: 97 Tollerance: 7
-1.754533052444458 107
13.021387219429016 1
5.633427083492279 1
1.9394470155239105 1
0.09245698153972626 107
1.0159519985318184 1
0.5542044900357723 2
0.3233307357877493 69
0.20789385866373777 107
Target: 97 Tollerance: 6
-1.754533052444458 107
13.021387219429016 1
5.633427083492279 1
1.9394470155239105 1
0.09245698153972626 107
1.0159519985318184 1
0.5542044900357723 2
0.3233307357877493 69
0.20789385866373777 107
Target: 97 Tollerance: 5
-1.754533052444458 107
13.021387219429016 1
5.633427083492279 1
1.9394470155239105 1
0.09245698153972626 107
1.0159519985318184 1
0.5542044900357723 2
0.3233307357877493 69
0.20789385866373777 107
0.26561229722574353 103
0.2944715165067464 82
Target: 97 Tollerance: 4
-1.754533052444458 107
13.021387219429016 1
5.633427083492279 1
1.9394470155239105 1
0.09245698153972626 107
1.0159519985318184 1
0.5542044900357723 2
0.3233307357877493 69
0.20789385866373777 107
0.26561229722574353 103
0.2944715165067464 82
Target: 97 Tollerance: 3
-1.754533052444458 107
13.021387219429016 1
5.633427083492279 1
1.9394470155239105 1
0.09245698153972626 107
1.0159519985318184 1
0.5542044900357723 2
0.3233307357877493 69
0.20789385866373777 107
0.26561229722574353 103
0.2944715165067464 82
Target: 97 Tollerance: 2
-1.754533052444458 107
13.021387219429016 1
5.633427083492279 1
1.9394470155239105 1
0.09245698153972626 107
1.0159519985318184 1
0.5542044900357723 2
0.3233307357877493 69
0.20789385866373777 107
0.26561229722574353 103
0.2944715165067464 82
Target: 97 Tollerance: 1
-1.754533052444458 107
13.021387219429016 1
5.633427083492279 1
1.9394470155239105 1
0.09245698153972626 107
1.0159519985318184 1
0.5542044900357723 2
0.3233307357877493 69
0.20789385866373777 107
0.26561229722574353 103
0.2944715165067464 82
0.28004190686624497 95
0.27282710204599425 101
Target: 97 Tollerance: 0
-1.754533052444458 107
13.021387219429016 1
5.633427083492279 1
1.9394470155239105 1
0.09245698153972626 107
1.0159519985318184 1
0.5542044900357723 2
0.3233307357877493 69
0.20789385866373777 107
0.26561229722574353 103
0.2944715165067464 82
0.28004190686624497 95
0.27282710204599425 101


97 0.2764345044561196 1
