Target: 100 Tollerance: 49
8.030432224273682 1
Target: 100 Tollerance: 48
8.030432224273682 1
Target: 100 Tollerance: 47
8.030432224273682 1
Target: 100 Tollerance: 46
8.030432224273682 1
Target: 100 Tollerance: 45
8.030432224273682 1
Target: 100 Tollerance: 44
8.030432224273682 1
Target: 100 Tollerance: 43
8.030432224273682 1
Target: 100 Tollerance: 42
8.030432224273682 1
Target: 100 Tollerance: 41
8.030432224273682 1
Target: 100 Tollerance: 40
8.030432224273682 1
Target: 100 Tollerance: 39
8.030432224273682 1
Target: 100 Tollerance: 38
8.030432224273682 1
Target: 100 Tollerance: 37
8.030432224273682 1
Target: 100 Tollerance: 36
8.030432224273682 1
Target: 100 Tollerance: 35
8.030432224273682 1
Target: 100 Tollerance: 34
8.030432224273682 1
Target: 100 Tollerance: 33
8.030432224273682 1
Target: 100 Tollerance: 32
8.030432224273682 1
Target: 100 Tollerance: 31
8.030432224273682 1
Target: 100 Tollerance: 30
8.030432224273682 1
Target: 100 Tollerance: 29
8.030432224273682 1
Target: 100 Tollerance: 28
8.030432224273682 1
Target: 100 Tollerance: 27
8.030432224273682 1
Target: 100 Tollerance: 26
8.030432224273682 1
Target: 100 Tollerance: 25
8.030432224273682 1
Target: 100 Tollerance: 24
8.030432224273682 1
Target: 100 Tollerance: 23
8.030432224273682 1
Target: 100 Tollerance: 22
8.030432224273682 1
Target: 100 Tollerance: 21
8.030432224273682 1
Target: 100 Tollerance: 20
8.030432224273682 1
Target: 100 Tollerance: 19
8.030432224273682 1
Target: 100 Tollerance: 18
8.030432224273682 1
Target: 100 Tollerance: 17
8.030432224273682 1
Target: 100 Tollerance: 16
8.030432224273682 1
Target: 100 Tollerance: 15
8.030432224273682 1
Target: 100 Tollerance: 14
8.030432224273682 1
Target: 100 Tollerance: 13
8.030432224273682 1
Target: 100 Tollerance: 12
8.030432224273682 1
Target: 100 Tollerance: 11
8.030432224273682 1
Target: 100 Tollerance: 10
8.030432224273682 1
Target: 100 Tollerance: 9
8.030432224273682 1
-3.7213847637176514 110
2.154523730278015 1
-0.7834305167198181 110
0.6855466067790985 1
-0.0489419549703598 110
0.31830232590436935 10
Target: 100 Tollerance: 8
8.030432224273682 1
-3.7213847637176514 110
2.154523730278015 1
-0.7834305167198181 110
0.6855466067790985 1
-0.0489419549703598 110
0.31830232590436935 10
Target: 100 Tollerance: 7
8.030432224273682 1
-3.7213847637176514 110
2.154523730278015 1
-0.7834305167198181 110
0.6855466067790985 1
-0.0489419549703598 110
0.31830232590436935 10
Target: 100 Tollerance: 6
8.030432224273682 1
-3.7213847637176514 110
2.154523730278015 1
-0.7834305167198181 110
0.6855466067790985 1
-0.0489419549703598 110
0.31830232590436935 10
0.13468018546700478 107
0.22649125568568707 50
0.18058572057634592 85
Target: 100 Tollerance: 5
8.030432224273682 1
-3.7213847637176514 110
2.154523730278015 1
-0.7834305167198181 110
0.6855466067790985 1
-0.0489419549703598 110
0.31830232590436935 10
0.13468018546700478 107
0.22649125568568707 50
0.18058572057634592 85
Target: 100 Tollerance: 4
8.030432224273682 1
-3.7213847637176514 110
2.154523730278015 1
-0.7834305167198181 110
0.6855466067790985 1
-0.0489419549703598 110
0.31830232590436935 10
0.13468018546700478 107
0.22649125568568707 50
0.18058572057634592 85
Target: 100 Tollerance: 3
8.030432224273682 1
-3.7213847637176514 110
2.154523730278015 1
-0.7834305167198181 110
0.6855466067790985 1
-0.0489419549703598 110
0.31830232590436935 10
0.13468018546700478 107
0.22649125568568707 50
0.18058572057634592 85
Target: 100 Tollerance: 2
8.030432224273682 1
-3.7213847637176514 110
2.154523730278015 1
-0.7834305167198181 110
0.6855466067790985 1
-0.0489419549703598 110
0.31830232590436935 10
0.13468018546700478 107
0.22649125568568707 50
0.18058572057634592 85
Target: 100 Tollerance: 1
8.030432224273682 1
-3.7213847637176514 110
2.154523730278015 1
-0.7834305167198181 110
0.6855466067790985 1
-0.0489419549703598 110
0.31830232590436935 10
0.13468018546700478 107
0.22649125568568707 50
0.18058572057634592 85
0.15763295302167535 102
0.16910933679901063 94
0.163371144910343 98
0.16050204896600917 98
0.15906750099384226 98
0.1583502270077588 98
0.15799159001471708 102
0.15817090851123794 98
0.1580812492629775 102
Target: 100 Tollerance: 0
8.030432224273682 1
-3.7213847637176514 110
2.154523730278015 1
-0.7834305167198181 110
0.6855466067790985 1
-0.0489419549703598 110
0.31830232590436935 10
0.13468018546700478 107
0.22649125568568707 50
0.18058572057634592 85
0.15763295302167535 102
0.16910933679901063 94
0.163371144910343 98
0.16050204896600917 98
0.15906750099384226 98
0.1583502270077588 98
0.15799159001471708 102
0.15817090851123794 98
0.1580812492629775 102


102 0.15763295302167535 6
