Target: 98 Tollerance: 48
2.1431515216827393 1
Target: 98 Tollerance: 47
2.1431515216827393 1
Target: 98 Tollerance: 46
2.1431515216827393 1
Target: 98 Tollerance: 45
2.1431515216827393 1
Target: 98 Tollerance: 44
2.1431515216827393 1
Target: 98 Tollerance: 43
2.1431515216827393 1
Target: 98 Tollerance: 42
2.1431515216827393 1
Target: 98 Tollerance: 41
2.1431515216827393 1
Target: 98 Tollerance: 40
2.1431515216827393 1
Target: 98 Tollerance: 39
2.1431515216827393 1
Target: 98 Tollerance: 38
2.1431515216827393 1
Target: 98 Tollerance: 37
2.1431515216827393 1
Target: 98 Tollerance: 36
2.1431515216827393 1
Target: 98 Tollerance: 35
2.1431515216827393 1
Target: 98 Tollerance: 34
2.1431515216827393 1
Target: 98 Tollerance: 33
2.1431515216827393 1
Target: 98 Tollerance: 32
2.1431515216827393 1
Target: 98 Tollerance: 31
2.1431515216827393 1
Target: 98 Tollerance: 30
2.1431515216827393 1
Target: 98 Tollerance: 29
2.1431515216827393 1
Target: 98 Tollerance: 28
2.1431515216827393 1
Target: 98 Tollerance: 27
2.1431515216827393 1
Target: 98 Tollerance: 26
2.1431515216827393 1
Target: 98 Tollerance: 25
2.1431515216827393 1
Target: 98 Tollerance: 24
2.1431515216827393 1
Target: 98 Tollerance: 23
2.1431515216827393 1
Target: 98 Tollerance: 22
2.1431515216827393 1
Target: 98 Tollerance: 21
2.1431515216827393 1
Target: 98 Tollerance: 20
2.1431515216827393 1
Target: 98 Tollerance: 19
2.1431515216827393 1
Target: 98 Tollerance: 18
2.1431515216827393 1
Target: 98 Tollerance: 17
2.1431515216827393 1
Target: 98 Tollerance: 16
2.1431515216827393 1
Target: 98 Tollerance: 15
2.1431515216827393 1
Target: 98 Tollerance: 14
2.1431515216827393 1
Target: 98 Tollerance: 13
2.1431515216827393 1
Target: 98 Tollerance: 12
2.1431515216827393 1
Target: 98 Tollerance: 11
2.1431515216827393 1
Target: 98 Tollerance: 10
2.1431515216827393 1
Target: 98 Tollerance: 9
2.1431515216827393 1
Target: 98 Tollerance: 8
2.1431515216827393 1
Target: 98 Tollerance: 7
2.1431515216827393 1
Target: 98 Tollerance: 6
2.1431515216827393 1
Target: 98 Tollerance: 5
2.1431515216827393 1
Target: 98 Tollerance: 4
2.1431515216827393 1
-12.2883962392807 103
-5.072622358798981 103
-1.4647354185581207 103
0.33920805156230927 85
-0.5627636834979057 103
-0.11177781596779823 103
0.11371511779725552 103
0.2264615846797824 103
0.28283481812104583 103
Target: 98 Tollerance: 3
2.1431515216827393 1
-12.2883962392807 103
-5.072622358798981 103
-1.4647354185581207 103
0.33920805156230927 85
-0.5627636834979057 103
-0.11177781596779823 103
0.11371511779725552 103
0.2264615846797824 103
0.28283481812104583 103
Target: 98 Tollerance: 2
2.1431515216827393 1
-12.2883962392807 103
-5.072622358798981 103
-1.4647354185581207 103
0.33920805156230927 85
-0.5627636834979057 103
-0.11177781596779823 103
0.11371511779725552 103
0.2264615846797824 103
0.28283481812104583 103
Target: 98 Tollerance: 1
2.1431515216827393 1
-12.2883962392807 103
-5.072622358798981 103
-1.4647354185581207 103
0.33920805156230927 85
-0.5627636834979057 103
-0.11177781596779823 103
0.11371511779725552 103
0.2264615846797824 103
0.28283481812104583 103
Target: 98 Tollerance: 0
2.1431515216827393 1
-12.2883962392807 103
-5.072622358798981 103
-1.4647354185581207 103
0.33920805156230927 85
-0.5627636834979057 103
-0.11177781596779823 103
0.11371511779725552 103
0.2264615846797824 103
0.28283481812104583 103


98 0.31102143484167755 4
