Target: 91 Tollerance: 44
Target: 91 Tollerance: 43
Target: 91 Tollerance: 42
Target: 91 Tollerance: 41
Target: 91 Tollerance: 40
Target: 91 Tollerance: 39
Target: 91 Tollerance: 38
Target: 91 Tollerance: 37
Target: 91 Tollerance: 36
Target: 91 Tollerance: 35
Target: 91 Tollerance: 34
Target: 91 Tollerance: 33
Target: 91 Tollerance: 32
Target: 91 Tollerance: 31
Target: 91 Tollerance: 30
Target: 91 Tollerance: 29
Target: 91 Tollerance: 28
Target: 91 Tollerance: 27
Target: 91 Tollerance: 26
Target: 91 Tollerance: 25
Target: 91 Tollerance: 24
Target: 91 Tollerance: 23
Target: 91 Tollerance: 22
Target: 91 Tollerance: 21
Target: 91 Tollerance: 20
Target: 91 Tollerance: 19
Target: 91 Tollerance: 18
-4.261686325073242 110
7.875992774963379 71
1.8071532249450684 110
Target: 91 Tollerance: 17
-4.261686325073242 110
7.875992774963379 71
1.8071532249450684 110
4.841572999954224 109
Target: 91 Tollerance: 16
-4.261686325073242 110
7.875992774963379 71
1.8071532249450684 110
4.841572999954224 109
Target: 91 Tollerance: 15
-4.261686325073242 110
7.875992774963379 71
1.8071532249450684 110
4.841572999954224 109
Target: 91 Tollerance: 14
-4.261686325073242 110
7.875992774963379 71
1.8071532249450684 110
4.841572999954224 109
Target: 91 Tollerance: 13
-4.261686325073242 110
7.875992774963379 71
1.8071532249450684 110
4.841572999954224 109
Target: 91 Tollerance: 12
-4.261686325073242 110
7.875992774963379 71
1.8071532249450684 110
4.841572999954224 109
Target: 91 Tollerance: 11
-4.261686325073242 110
7.875992774963379 71
1.8071532249450684 110
4.841572999954224 109
Target: 91 Tollerance: 10
-4.261686325073242 110
7.875992774963379 71
1.8071532249450684 110
4.841572999954224 109
Target: 91 Tollerance: 9
-4.261686325073242 110
7.875992774963379 71
1.8071532249450684 110
4.841572999954224 109
Target: 91 Tollerance: 8
-4.261686325073242 110
7.875992774963379 71
1.8071532249450684 110
4.841572999954224 109
Target: 91 Tollerance: 7
-4.261686325073242 110
7.875992774963379 71
1.8071532249450684 110
4.841572999954224 109
Target: 91 Tollerance: 6
-4.261686325073242 110
7.875992774963379 71
1.8071532249450684 110
4.841572999954224 109
Target: 91 Tollerance: 5
-4.261686325073242 110
7.875992774963379 71
1.8071532249450684 110
4.841572999954224 109
Target: 91 Tollerance: 4
-4.261686325073242 110
7.875992774963379 71
1.8071532249450684 110
4.841572999954224 109
Target: 91 Tollerance: 3
-4.261686325073242 110
7.875992774963379 71
1.8071532249450684 110
4.841572999954224 109
Target: 91 Tollerance: 2
-4.261686325073242 110
7.875992774963379 71
1.8071532249450684 110
4.841572999954224 109
Target: 91 Tollerance: 1
-4.261686325073242 110
7.875992774963379 71
1.8071532249450684 110
4.841572999954224 109
Target: 91 Tollerance: 0
-4.261686325073242 110
7.875992774963379 71
1.8071532249450684 110
4.841572999954224 109
6.358782887458801 90
5.6001779437065125 99
5.979480415582657 96
6.169131651520729 93
6.263957269489765 90
6.216544460505247 92


91 6.240250864997506 0
