Target: 96 Tollerance: 47
0.26830101013183594 187
20.105509757995605 35
Target: 96 Tollerance: 46
0.26830101013183594 187
20.105509757995605 35
Target: 96 Tollerance: 45
0.26830101013183594 187
20.105509757995605 35
Target: 96 Tollerance: 44
0.26830101013183594 187
20.105509757995605 35
Target: 96 Tollerance: 43
0.26830101013183594 187
20.105509757995605 35
Target: 96 Tollerance: 42
0.26830101013183594 187
20.105509757995605 35
Target: 96 Tollerance: 41
0.26830101013183594 187
20.105509757995605 35
Target: 96 Tollerance: 40
0.26830101013183594 187
20.105509757995605 35
Target: 96 Tollerance: 39
0.26830101013183594 187
20.105509757995605 35
Target: 96 Tollerance: 38
0.26830101013183594 187
20.105509757995605 35
Target: 96 Tollerance: 37
0.26830101013183594 187
20.105509757995605 35
Target: 96 Tollerance: 36
0.26830101013183594 187
20.105509757995605 35
Target: 96 Tollerance: 35
0.26830101013183594 187
20.105509757995605 35
Target: 96 Tollerance: 34
0.26830101013183594 187
20.105509757995605 35
Target: 96 Tollerance: 33
0.26830101013183594 187
20.105509757995605 35
Target: 96 Tollerance: 32
0.26830101013183594 187
20.105509757995605 35
Target: 96 Tollerance: 31
0.26830101013183594 187
20.105509757995605 35
Target: 96 Tollerance: 30
0.26830101013183594 187
20.105509757995605 35
Target: 96 Tollerance: 29
0.26830101013183594 187
20.105509757995605 35
Target: 96 Tollerance: 28
0.26830101013183594 187
20.105509757995605 35
Target: 96 Tollerance: 27
0.26830101013183594 187
20.105509757995605 35
Target: 96 Tollerance: 26
0.26830101013183594 187
20.105509757995605 35
Target: 96 Tollerance: 25
0.26830101013183594 187
20.105509757995605 35
Target: 96 Tollerance: 24
0.26830101013183594 187
20.105509757995605 35
10.18690538406372 121
Target: 96 Tollerance: 23
0.26830101013183594 187
20.105509757995605 35
10.18690538406372 121
Target: 96 Tollerance: 22
0.26830101013183594 187
20.105509757995605 35
10.18690538406372 121
Target: 96 Tollerance: 21
0.26830101013183594 187
20.105509757995605 35
10.18690538406372 121
Target: 96 Tollerance: 20
0.26830101013183594 187
20.105509757995605 35
10.18690538406372 121
15.146207571029663 75
Target: 96 Tollerance: 19
0.26830101013183594 187
20.105509757995605 35
10.18690538406372 121
15.146207571029663 75
Target: 96 Tollerance: 18
0.26830101013183594 187
20.105509757995605 35
10.18690538406372 121
15.146207571029663 75
Target: 96 Tollerance: 17
0.26830101013183594 187
20.105509757995605 35
10.18690538406372 121
15.146207571029663 75
Target: 96 Tollerance: 16
0.26830101013183594 187
20.105509757995605 35
10.18690538406372 121
15.146207571029663 75
Target: 96 Tollerance: 15
0.26830101013183594 187
20.105509757995605 35
10.18690538406372 121
15.146207571029663 75
Target: 96 Tollerance: 14
0.26830101013183594 187
20.105509757995605 35
10.18690538406372 121
15.146207571029663 75
Target: 96 Tollerance: 13
0.26830101013183594 187
20.105509757995605 35
10.18690538406372 121
15.146207571029663 75
Target: 96 Tollerance: 12
0.26830101013183594 187
20.105509757995605 35
10.18690538406372 121
15.146207571029663 75
Target: 96 Tollerance: 11
0.26830101013183594 187
20.105509757995605 35
10.18690538406372 121
15.146207571029663 75
Target: 96 Tollerance: 10
0.26830101013183594 187
20.105509757995605 35
10.18690538406372 121
15.146207571029663 75
Target: 96 Tollerance: 9
0.26830101013183594 187
20.105509757995605 35
10.18690538406372 121
15.146207571029663 75
Target: 96 Tollerance: 8
0.26830101013183594 187
20.105509757995605 35
10.18690538406372 121
15.146207571029663 75
Target: 96 Tollerance: 7
0.26830101013183594 187
20.105509757995605 35
10.18690538406372 121
15.146207571029663 75
Target: 96 Tollerance: 6
0.26830101013183594 187
20.105509757995605 35
10.18690538406372 121
15.146207571029663 75
12.666556477546692 103
13.906382024288177 86
Target: 96 Tollerance: 5
0.26830101013183594 187
20.105509757995605 35
10.18690538406372 121
15.146207571029663 75
12.666556477546692 103
13.906382024288177 86
Target: 96 Tollerance: 4
0.26830101013183594 187
20.105509757995605 35
10.18690538406372 121
15.146207571029663 75
12.666556477546692 103
13.906382024288177 86
Target: 96 Tollerance: 3
0.26830101013183594 187
20.105509757995605 35
10.18690538406372 121
15.146207571029663 75
12.666556477546692 103
13.906382024288177 86
13.286469250917435 92
12.976512864232063 100
Target: 96 Tollerance: 2
0.26830101013183594 187
20.105509757995605 35
10.18690538406372 121
15.146207571029663 75
12.666556477546692 103
13.906382024288177 86
13.286469250917435 92
12.976512864232063 100
Target: 96 Tollerance: 1
0.26830101013183594 187
20.105509757995605 35
10.18690538406372 121
15.146207571029663 75
12.666556477546692 103
13.906382024288177 86
13.286469250917435 92
12.976512864232063 100
Target: 96 Tollerance: 0
0.26830101013183594 187
20.105509757995605 35
10.18690538406372 121
15.146207571029663 75
12.666556477546692 103
13.906382024288177 86
13.286469250917435 92
12.976512864232063 100


96 13.131491057574749 3
