Target: 98 Tollerance: 48
Target: 98 Tollerance: 47
Target: 98 Tollerance: 46
Target: 98 Tollerance: 45
Target: 98 Tollerance: 44
Target: 98 Tollerance: 43
Target: 98 Tollerance: 42
Target: 98 Tollerance: 41
Target: 98 Tollerance: 40
Target: 98 Tollerance: 39
Target: 98 Tollerance: 38
Target: 98 Tollerance: 37
Target: 98 Tollerance: 36
Target: 98 Tollerance: 35
Target: 98 Tollerance: 34
Target: 98 Tollerance: 33
Target: 98 Tollerance: 32
Target: 98 Tollerance: 31
Target: 98 Tollerance: 30
Target: 98 Tollerance: 29
Target: 98 Tollerance: 28
Target: 98 Tollerance: 27
Target: 98 Tollerance: 26
Target: 98 Tollerance: 25
Target: 98 Tollerance: 24
Target: 98 Tollerance: 23
Target: 98 Tollerance: 22
Target: 98 Tollerance: 21
Target: 98 Tollerance: 20
Target: 98 Tollerance: 19
Target: 98 Tollerance: 18
Target: 98 Tollerance: 17
Target: 98 Tollerance: 16
Target: 98 Tollerance: 15
Target: 98 Tollerance: 14
Target: 98 Tollerance: 13
Target: 98 Tollerance: 12
Target: 98 Tollerance: 11
2.1431515216827393 110
16.57469928264618 72
Target: 98 Tollerance: 10
2.1431515216827393 110
16.57469928264618 72
Target: 98 Tollerance: 9
2.1431515216827393 110
16.57469928264618 72
Target: 98 Tollerance: 8
2.1431515216827393 110
16.57469928264618 72
Target: 98 Tollerance: 7
2.1431515216827393 110
16.57469928264618 72
9.35892540216446 106
12.96681234240532 90
Target: 98 Tollerance: 6
2.1431515216827393 110
16.57469928264618 72
9.35892540216446 106
12.96681234240532 90
11.16286887228489 105
Target: 98 Tollerance: 5
2.1431515216827393 110
16.57469928264618 72
9.35892540216446 106
12.96681234240532 90
11.16286887228489 105
12.064840607345104 92
Target: 98 Tollerance: 4
2.1431515216827393 110
16.57469928264618 72
9.35892540216446 106
12.96681234240532 90
11.16286887228489 105
12.064840607345104 92
Target: 98 Tollerance: 3
2.1431515216827393 110
16.57469928264618 72
9.35892540216446 106
12.96681234240532 90
11.16286887228489 105
12.064840607345104 92
Target: 98 Tollerance: 2
2.1431515216827393 110
16.57469928264618 72
9.35892540216446 106
12.96681234240532 90
11.16286887228489 105
12.064840607345104 92
Target: 98 Tollerance: 1
2.1431515216827393 110
16.57469928264618 72
9.35892540216446 106
12.96681234240532 90
11.16286887228489 105
12.064840607345104 92
11.613854739814997 96
11.388361806049943 101
11.50110827293247 100
Target: 98 Tollerance: 0
2.1431515216827393 110
16.57469928264618 72
9.35892540216446 106
12.96681234240532 90
11.16286887228489 105
12.064840607345104 92
11.613854739814997 96
11.388361806049943 101
11.50110827293247 100
11.557481506373733 99
11.585668123094365 99
11.59976143145468 97
11.592714777274523 97
11.589191450184444 97
11.587429786639404 99
11.588310618411924 97


99 11.557481506373733 1
