Target: 97 Tollerance: 47
-1.754533052444458 191
13.021387219429016 24
Target: 97 Tollerance: 46
-1.754533052444458 191
13.021387219429016 24
Target: 97 Tollerance: 45
-1.754533052444458 191
13.021387219429016 24
Target: 97 Tollerance: 44
-1.754533052444458 191
13.021387219429016 24
Target: 97 Tollerance: 43
-1.754533052444458 191
13.021387219429016 24
Target: 97 Tollerance: 42
-1.754533052444458 191
13.021387219429016 24
Target: 97 Tollerance: 41
-1.754533052444458 191
13.021387219429016 24
Target: 97 Tollerance: 40
-1.754533052444458 191
13.021387219429016 24
Target: 97 Tollerance: 39
-1.754533052444458 191
13.021387219429016 24
Target: 97 Tollerance: 38
-1.754533052444458 191
13.021387219429016 24
Target: 97 Tollerance: 37
-1.754533052444458 191
13.021387219429016 24
Target: 97 Tollerance: 36
-1.754533052444458 191
13.021387219429016 24
Target: 97 Tollerance: 35
-1.754533052444458 191
13.021387219429016 24
Target: 97 Tollerance: 34
-1.754533052444458 191
13.021387219429016 24
Target: 97 Tollerance: 33
-1.754533052444458 191
13.021387219429016 24
Target: 97 Tollerance: 32
-1.754533052444458 191
13.021387219429016 24
Target: 97 Tollerance: 31
-1.754533052444458 191
13.021387219429016 24
Target: 97 Tollerance: 30
-1.754533052444458 191
13.021387219429016 24
Target: 97 Tollerance: 29
-1.754533052444458 191
13.021387219429016 24
Target: 97 Tollerance: 28
-1.754533052444458 191
13.021387219429016 24
Target: 97 Tollerance: 27
-1.754533052444458 191
13.021387219429016 24
Target: 97 Tollerance: 26
-1.754533052444458 191
13.021387219429016 24
Target: 97 Tollerance: 25
-1.754533052444458 191
13.021387219429016 24
Target: 97 Tollerance: 24
-1.754533052444458 191
13.021387219429016 24
Target: 97 Tollerance: 23
-1.754533052444458 191
13.021387219429016 24
Target: 97 Tollerance: 22
-1.754533052444458 191
13.021387219429016 24
Target: 97 Tollerance: 21
-1.754533052444458 191
13.021387219429016 24
Target: 97 Tollerance: 20
-1.754533052444458 191
13.021387219429016 24
Target: 97 Tollerance: 19
-1.754533052444458 191
13.021387219429016 24
Target: 97 Tollerance: 18
-1.754533052444458 191
13.021387219429016 24
Target: 97 Tollerance: 17
-1.754533052444458 191
13.021387219429016 24
Target: 97 Tollerance: 16
-1.754533052444458 191
13.021387219429016 24
Target: 97 Tollerance: 15
-1.754533052444458 191
13.021387219429016 24
Target: 97 Tollerance: 14
-1.754533052444458 191
13.021387219429016 24
Target: 97 Tollerance: 13
-1.754533052444458 191
13.021387219429016 24
Target: 97 Tollerance: 12
-1.754533052444458 191
13.021387219429016 24
Target: 97 Tollerance: 11
-1.754533052444458 191
13.021387219429016 24
5.633427083492279 109
9.327407151460648 58
7.480417117476463 78
Target: 97 Tollerance: 10
-1.754533052444458 191
13.021387219429016 24
5.633427083492279 109
9.327407151460648 58
7.480417117476463 78
Target: 97 Tollerance: 9
-1.754533052444458 191
13.021387219429016 24
5.633427083492279 109
9.327407151460648 58
7.480417117476463 78
Target: 97 Tollerance: 8
-1.754533052444458 191
13.021387219429016 24
5.633427083492279 109
9.327407151460648 58
7.480417117476463 78
Target: 97 Tollerance: 7
-1.754533052444458 191
13.021387219429016 24
5.633427083492279 109
9.327407151460648 58
7.480417117476463 78
Target: 97 Tollerance: 6
-1.754533052444458 191
13.021387219429016 24
5.633427083492279 109
9.327407151460648 58
7.480417117476463 78
Target: 97 Tollerance: 5
-1.754533052444458 191
13.021387219429016 24
5.633427083492279 109
9.327407151460648 58
7.480417117476463 78
Target: 97 Tollerance: 4
-1.754533052444458 191
13.021387219429016 24
5.633427083492279 109
9.327407151460648 58
7.480417117476463 78
Target: 97 Tollerance: 3
-1.754533052444458 191
13.021387219429016 24
5.633427083492279 109
9.327407151460648 58
7.480417117476463 78
Target: 97 Tollerance: 2
-1.754533052444458 191
13.021387219429016 24
5.633427083492279 109
9.327407151460648 58
7.480417117476463 78
Target: 97 Tollerance: 1
-1.754533052444458 191
13.021387219429016 24
5.633427083492279 109
9.327407151460648 58
7.480417117476463 78
Target: 97 Tollerance: 0
-1.754533052444458 191
13.021387219429016 24
5.633427083492279 109
9.327407151460648 58
7.480417117476463 78
6.556922100484371 96
6.095174591988325 105
6.326048346236348 100
6.44148522336036 98
6.499203661922365 96


97 6.4703444426413625 0
