Target: 91 Tollerance: 44
-4.261686325073242 193
7.875992774963379 11
1.8071532249450684 157
Target: 91 Tollerance: 43
-4.261686325073242 193
7.875992774963379 11
1.8071532249450684 157
Target: 91 Tollerance: 42
-4.261686325073242 193
7.875992774963379 11
1.8071532249450684 157
Target: 91 Tollerance: 41
-4.261686325073242 193
7.875992774963379 11
1.8071532249450684 157
Target: 91 Tollerance: 40
-4.261686325073242 193
7.875992774963379 11
1.8071532249450684 157
Target: 91 Tollerance: 39
-4.261686325073242 193
7.875992774963379 11
1.8071532249450684 157
Target: 91 Tollerance: 38
-4.261686325073242 193
7.875992774963379 11
1.8071532249450684 157
Target: 91 Tollerance: 37
-4.261686325073242 193
7.875992774963379 11
1.8071532249450684 157
Target: 91 Tollerance: 36
-4.261686325073242 193
7.875992774963379 11
1.8071532249450684 157
Target: 91 Tollerance: 35
-4.261686325073242 193
7.875992774963379 11
1.8071532249450684 157
Target: 91 Tollerance: 34
-4.261686325073242 193
7.875992774963379 11
1.8071532249450684 157
4.841572999954224 56
Target: 91 Tollerance: 33
-4.261686325073242 193
7.875992774963379 11
1.8071532249450684 157
4.841572999954224 56
Target: 91 Tollerance: 32
-4.261686325073242 193
7.875992774963379 11
1.8071532249450684 157
4.841572999954224 56
Target: 91 Tollerance: 31
-4.261686325073242 193
7.875992774963379 11
1.8071532249450684 157
4.841572999954224 56
Target: 91 Tollerance: 30
-4.261686325073242 193
7.875992774963379 11
1.8071532249450684 157
4.841572999954224 56
Target: 91 Tollerance: 29
-4.261686325073242 193
7.875992774963379 11
1.8071532249450684 157
4.841572999954224 56
Target: 91 Tollerance: 28
-4.261686325073242 193
7.875992774963379 11
1.8071532249450684 157
4.841572999954224 56
Target: 91 Tollerance: 27
-4.261686325073242 193
7.875992774963379 11
1.8071532249450684 157
4.841572999954224 56
Target: 91 Tollerance: 26
-4.261686325073242 193
7.875992774963379 11
1.8071532249450684 157
4.841572999954224 56
Target: 91 Tollerance: 25
-4.261686325073242 193
7.875992774963379 11
1.8071532249450684 157
4.841572999954224 56
Target: 91 Tollerance: 24
-4.261686325073242 193
7.875992774963379 11
1.8071532249450684 157
4.841572999954224 56
Target: 91 Tollerance: 23
-4.261686325073242 193
7.875992774963379 11
1.8071532249450684 157
4.841572999954224 56
Target: 91 Tollerance: 22
-4.261686325073242 193
7.875992774963379 11
1.8071532249450684 157
4.841572999954224 56
Target: 91 Tollerance: 21
-4.261686325073242 193
7.875992774963379 11
1.8071532249450684 157
4.841572999954224 56
Target: 91 Tollerance: 20
-4.261686325073242 193
7.875992774963379 11
1.8071532249450684 157
4.841572999954224 56
Target: 91 Tollerance: 19
-4.261686325073242 193
7.875992774963379 11
1.8071532249450684 157
4.841572999954224 56
Target: 91 Tollerance: 18
-4.261686325073242 193
7.875992774963379 11
1.8071532249450684 157
4.841572999954224 56
Target: 91 Tollerance: 17
-4.261686325073242 193
7.875992774963379 11
1.8071532249450684 157
4.841572999954224 56
Target: 91 Tollerance: 16
-4.261686325073242 193
7.875992774963379 11
1.8071532249450684 157
4.841572999954224 56
3.324363112449646 108
Target: 91 Tollerance: 15
-4.261686325073242 193
7.875992774963379 11
1.8071532249450684 157
4.841572999954224 56
3.324363112449646 108
Target: 91 Tollerance: 14
-4.261686325073242 193
7.875992774963379 11
1.8071532249450684 157
4.841572999954224 56
3.324363112449646 108
Target: 91 Tollerance: 13
-4.261686325073242 193
7.875992774963379 11
1.8071532249450684 157
4.841572999954224 56
3.324363112449646 108
Target: 91 Tollerance: 12
-4.261686325073242 193
7.875992774963379 11
1.8071532249450684 157
4.841572999954224 56
3.324363112449646 108
Target: 91 Tollerance: 11
-4.261686325073242 193
7.875992774963379 11
1.8071532249450684 157
4.841572999954224 56
3.324363112449646 108
Target: 91 Tollerance: 10
-4.261686325073242 193
7.875992774963379 11
1.8071532249450684 157
4.841572999954224 56
3.324363112449646 108
Target: 91 Tollerance: 9
-4.261686325073242 193
7.875992774963379 11
1.8071532249450684 157
4.841572999954224 56
3.324363112449646 108
Target: 91 Tollerance: 8
-4.261686325073242 193
7.875992774963379 11
1.8071532249450684 157
4.841572999954224 56
3.324363112449646 108
Target: 91 Tollerance: 7
-4.261686325073242 193
7.875992774963379 11
1.8071532249450684 157
4.841572999954224 56
3.324363112449646 108
4.082968056201935 83
3.7036655843257904 100
Target: 91 Tollerance: 6
-4.261686325073242 193
7.875992774963379 11
1.8071532249450684 157
4.841572999954224 56
3.324363112449646 108
4.082968056201935 83
3.7036655843257904 100
Target: 91 Tollerance: 5
-4.261686325073242 193
7.875992774963379 11
1.8071532249450684 157
4.841572999954224 56
3.324363112449646 108
4.082968056201935 83
3.7036655843257904 100
Target: 91 Tollerance: 4
-4.261686325073242 193
7.875992774963379 11
1.8071532249450684 157
4.841572999954224 56
3.324363112449646 108
4.082968056201935 83
3.7036655843257904 100
Target: 91 Tollerance: 3
-4.261686325073242 193
7.875992774963379 11
1.8071532249450684 157
4.841572999954224 56
3.324363112449646 108
4.082968056201935 83
3.7036655843257904 100
Target: 91 Tollerance: 2
-4.261686325073242 193
7.875992774963379 11
1.8071532249450684 157
4.841572999954224 56
3.324363112449646 108
4.082968056201935 83
3.7036655843257904 100
Target: 91 Tollerance: 1
-4.261686325073242 193
7.875992774963379 11
1.8071532249450684 157
4.841572999954224 56
3.324363112449646 108
4.082968056201935 83
3.7036655843257904 100
3.8933168202638626 89
3.7984912022948265 94
Target: 91 Tollerance: 0
-4.261686325073242 193
7.875992774963379 11
1.8071532249450684 157
4.841572999954224 56
3.324363112449646 108
4.082968056201935 83
3.7036655843257904 100
3.8933168202638626 89
3.7984912022948265 94
3.8459040112793446 92
3.8696104157716036 89
3.857757213525474 92


91 3.863683814648539 0
