Target: 98 Tollerance: 48
2.1431515216827393 175
16.57469928264618 16
Target: 98 Tollerance: 47
2.1431515216827393 175
16.57469928264618 16
Target: 98 Tollerance: 46
2.1431515216827393 175
16.57469928264618 16
Target: 98 Tollerance: 45
2.1431515216827393 175
16.57469928264618 16
Target: 98 Tollerance: 44
2.1431515216827393 175
16.57469928264618 16
Target: 98 Tollerance: 43
2.1431515216827393 175
16.57469928264618 16
Target: 98 Tollerance: 42
2.1431515216827393 175
16.57469928264618 16
Target: 98 Tollerance: 41
2.1431515216827393 175
16.57469928264618 16
Target: 98 Tollerance: 40
2.1431515216827393 175
16.57469928264618 16
Target: 98 Tollerance: 39
2.1431515216827393 175
16.57469928264618 16
Target: 98 Tollerance: 38
2.1431515216827393 175
16.57469928264618 16
Target: 98 Tollerance: 37
2.1431515216827393 175
16.57469928264618 16
Target: 98 Tollerance: 36
2.1431515216827393 175
16.57469928264618 16
Target: 98 Tollerance: 35
2.1431515216827393 175
16.57469928264618 16
Target: 98 Tollerance: 34
2.1431515216827393 175
16.57469928264618 16
Target: 98 Tollerance: 33
2.1431515216827393 175
16.57469928264618 16
Target: 98 Tollerance: 32
2.1431515216827393 175
16.57469928264618 16
Target: 98 Tollerance: 31
2.1431515216827393 175
16.57469928264618 16
Target: 98 Tollerance: 30
2.1431515216827393 175
16.57469928264618 16
Target: 98 Tollerance: 29
2.1431515216827393 175
16.57469928264618 16
Target: 98 Tollerance: 28
2.1431515216827393 175
16.57469928264618 16
Target: 98 Tollerance: 27
2.1431515216827393 175
16.57469928264618 16
Target: 98 Tollerance: 26
2.1431515216827393 175
16.57469928264618 16
Target: 98 Tollerance: 25
2.1431515216827393 175
16.57469928264618 16
Target: 98 Tollerance: 24
2.1431515216827393 175
16.57469928264618 16
Target: 98 Tollerance: 23
2.1431515216827393 175
16.57469928264618 16
Target: 98 Tollerance: 22
2.1431515216827393 175
16.57469928264618 16
9.35892540216446 75
5.751038461923599 124
Target: 98 Tollerance: 21
2.1431515216827393 175
16.57469928264618 16
9.35892540216446 75
5.751038461923599 124
Target: 98 Tollerance: 20
2.1431515216827393 175
16.57469928264618 16
9.35892540216446 75
5.751038461923599 124
Target: 98 Tollerance: 19
2.1431515216827393 175
16.57469928264618 16
9.35892540216446 75
5.751038461923599 124
Target: 98 Tollerance: 18
2.1431515216827393 175
16.57469928264618 16
9.35892540216446 75
5.751038461923599 124
Target: 98 Tollerance: 17
2.1431515216827393 175
16.57469928264618 16
9.35892540216446 75
5.751038461923599 124
Target: 98 Tollerance: 16
2.1431515216827393 175
16.57469928264618 16
9.35892540216446 75
5.751038461923599 124
Target: 98 Tollerance: 15
2.1431515216827393 175
16.57469928264618 16
9.35892540216446 75
5.751038461923599 124
Target: 98 Tollerance: 14
2.1431515216827393 175
16.57469928264618 16
9.35892540216446 75
5.751038461923599 124
Target: 98 Tollerance: 13
2.1431515216827393 175
16.57469928264618 16
9.35892540216446 75
5.751038461923599 124
Target: 98 Tollerance: 12
2.1431515216827393 175
16.57469928264618 16
9.35892540216446 75
5.751038461923599 124
Target: 98 Tollerance: 11
2.1431515216827393 175
16.57469928264618 16
9.35892540216446 75
5.751038461923599 124
Target: 98 Tollerance: 10
2.1431515216827393 175
16.57469928264618 16
9.35892540216446 75
5.751038461923599 124
Target: 98 Tollerance: 9
2.1431515216827393 175
16.57469928264618 16
9.35892540216446 75
5.751038461923599 124
Target: 98 Tollerance: 8
2.1431515216827393 175
16.57469928264618 16
9.35892540216446 75
5.751038461923599 124
Target: 98 Tollerance: 7
2.1431515216827393 175
16.57469928264618 16
9.35892540216446 75
5.751038461923599 124
Target: 98 Tollerance: 6
2.1431515216827393 175
16.57469928264618 16
9.35892540216446 75
5.751038461923599 124
Target: 98 Tollerance: 5
2.1431515216827393 175
16.57469928264618 16
9.35892540216446 75
5.751038461923599 124
Target: 98 Tollerance: 4
2.1431515216827393 175
16.57469928264618 16
9.35892540216446 75
5.751038461923599 124
Target: 98 Tollerance: 3
2.1431515216827393 175
16.57469928264618 16
9.35892540216446 75
5.751038461923599 124
Target: 98 Tollerance: 2
2.1431515216827393 175
16.57469928264618 16
9.35892540216446 75
5.751038461923599 124
Target: 98 Tollerance: 1
2.1431515216827393 175
16.57469928264618 16
9.35892540216446 75
5.751038461923599 124
Target: 98 Tollerance: 0
2.1431515216827393 175
16.57469928264618 16
9.35892540216446 75
5.751038461923599 124


98 7.554981932044029 22
