Target: 100 Tollerance: 49
8.030432224273682 14
-3.7213847637176514 194
Target: 100 Tollerance: 48
8.030432224273682 14
-3.7213847637176514 194
Target: 100 Tollerance: 47
8.030432224273682 14
-3.7213847637176514 194
Target: 100 Tollerance: 46
8.030432224273682 14
-3.7213847637176514 194
Target: 100 Tollerance: 45
8.030432224273682 14
-3.7213847637176514 194
Target: 100 Tollerance: 44
8.030432224273682 14
-3.7213847637176514 194
Target: 100 Tollerance: 43
8.030432224273682 14
-3.7213847637176514 194
Target: 100 Tollerance: 42
8.030432224273682 14
-3.7213847637176514 194
Target: 100 Tollerance: 41
8.030432224273682 14
-3.7213847637176514 194
Target: 100 Tollerance: 40
8.030432224273682 14
-3.7213847637176514 194
Target: 100 Tollerance: 39
8.030432224273682 14
-3.7213847637176514 194
Target: 100 Tollerance: 38
8.030432224273682 14
-3.7213847637176514 194
Target: 100 Tollerance: 37
8.030432224273682 14
-3.7213847637176514 194
Target: 100 Tollerance: 36
8.030432224273682 14
-3.7213847637176514 194
Target: 100 Tollerance: 35
8.030432224273682 14
-3.7213847637176514 194
Target: 100 Tollerance: 34
8.030432224273682 14
-3.7213847637176514 194
Target: 100 Tollerance: 33
8.030432224273682 14
-3.7213847637176514 194
Target: 100 Tollerance: 32
8.030432224273682 14
-3.7213847637176514 194
Target: 100 Tollerance: 31
8.030432224273682 14
-3.7213847637176514 194
Target: 100 Tollerance: 30
8.030432224273682 14
-3.7213847637176514 194
Target: 100 Tollerance: 29
8.030432224273682 14
-3.7213847637176514 194
Target: 100 Tollerance: 28
8.030432224273682 14
-3.7213847637176514 194
Target: 100 Tollerance: 27
8.030432224273682 14
-3.7213847637176514 194
Target: 100 Tollerance: 26
8.030432224273682 14
-3.7213847637176514 194
Target: 100 Tollerance: 25
8.030432224273682 14
-3.7213847637176514 194
2.154523730278015 126
5.092477977275848 38
3.6235008537769318 64
Target: 100 Tollerance: 24
8.030432224273682 14
-3.7213847637176514 194
2.154523730278015 126
5.092477977275848 38
3.6235008537769318 64
Target: 100 Tollerance: 23
8.030432224273682 14
-3.7213847637176514 194
2.154523730278015 126
5.092477977275848 38
3.6235008537769318 64
Target: 100 Tollerance: 22
8.030432224273682 14
-3.7213847637176514 194
2.154523730278015 126
5.092477977275848 38
3.6235008537769318 64
Target: 100 Tollerance: 21
8.030432224273682 14
-3.7213847637176514 194
2.154523730278015 126
5.092477977275848 38
3.6235008537769318 64
Target: 100 Tollerance: 20
8.030432224273682 14
-3.7213847637176514 194
2.154523730278015 126
5.092477977275848 38
3.6235008537769318 64
Target: 100 Tollerance: 19
8.030432224273682 14
-3.7213847637176514 194
2.154523730278015 126
5.092477977275848 38
3.6235008537769318 64
Target: 100 Tollerance: 18
8.030432224273682 14
-3.7213847637176514 194
2.154523730278015 126
5.092477977275848 38
3.6235008537769318 64
Target: 100 Tollerance: 17
8.030432224273682 14
-3.7213847637176514 194
2.154523730278015 126
5.092477977275848 38
3.6235008537769318 64
Target: 100 Tollerance: 16
8.030432224273682 14
-3.7213847637176514 194
2.154523730278015 126
5.092477977275848 38
3.6235008537769318 64
Target: 100 Tollerance: 15
8.030432224273682 14
-3.7213847637176514 194
2.154523730278015 126
5.092477977275848 38
3.6235008537769318 64
Target: 100 Tollerance: 14
8.030432224273682 14
-3.7213847637176514 194
2.154523730278015 126
5.092477977275848 38
3.6235008537769318 64
Target: 100 Tollerance: 13
8.030432224273682 14
-3.7213847637176514 194
2.154523730278015 126
5.092477977275848 38
3.6235008537769318 64
Target: 100 Tollerance: 12
8.030432224273682 14
-3.7213847637176514 194
2.154523730278015 126
5.092477977275848 38
3.6235008537769318 64
Target: 100 Tollerance: 11
8.030432224273682 14
-3.7213847637176514 194
2.154523730278015 126
5.092477977275848 38
3.6235008537769318 64
Target: 100 Tollerance: 10
8.030432224273682 14
-3.7213847637176514 194
2.154523730278015 126
5.092477977275848 38
3.6235008537769318 64
Target: 100 Tollerance: 9
8.030432224273682 14
-3.7213847637176514 194
2.154523730278015 126
5.092477977275848 38
3.6235008537769318 64
Target: 100 Tollerance: 8
8.030432224273682 14
-3.7213847637176514 194
2.154523730278015 126
5.092477977275848 38
3.6235008537769318 64
Target: 100 Tollerance: 7
8.030432224273682 14
-3.7213847637176514 194
2.154523730278015 126
5.092477977275848 38
3.6235008537769318 64
Target: 100 Tollerance: 6
8.030432224273682 14
-3.7213847637176514 194
2.154523730278015 126
5.092477977275848 38
3.6235008537769318 64
Target: 100 Tollerance: 5
8.030432224273682 14
-3.7213847637176514 194
2.154523730278015 126
5.092477977275848 38
3.6235008537769318 64
Target: 100 Tollerance: 4
8.030432224273682 14
-3.7213847637176514 194
2.154523730278015 126
5.092477977275848 38
3.6235008537769318 64
2.8890122920274734 95
2.5217680111527443 110
Target: 100 Tollerance: 3
8.030432224273682 14
-3.7213847637176514 194
2.154523730278015 126
5.092477977275848 38
3.6235008537769318 64
2.8890122920274734 95
2.5217680111527443 110
2.705390151590109 104
Target: 100 Tollerance: 2
8.030432224273682 14
-3.7213847637176514 194
2.154523730278015 126
5.092477977275848 38
3.6235008537769318 64
2.8890122920274734 95
2.5217680111527443 110
2.705390151590109 104
Target: 100 Tollerance: 1
8.030432224273682 14
-3.7213847637176514 194
2.154523730278015 126
5.092477977275848 38
3.6235008537769318 64
2.8890122920274734 95
2.5217680111527443 110
2.705390151590109 104
Target: 100 Tollerance: 0
8.030432224273682 14
-3.7213847637176514 194
2.154523730278015 126
5.092477977275848 38
3.6235008537769318 64
2.8890122920274734 95
2.5217680111527443 110
2.705390151590109 104
2.797201221808791 99
2.75129568669945 101
2.7742484542541206 101
2.785724838031456 101


100 2.7914630299201235 0
