Target: 92 Tollerance: 45
1.9983744621276855 187
29.927995920181274 9
Target: 92 Tollerance: 44
1.9983744621276855 187
29.927995920181274 9
Target: 92 Tollerance: 43
1.9983744621276855 187
29.927995920181274 9
Target: 92 Tollerance: 42
1.9983744621276855 187
29.927995920181274 9
Target: 92 Tollerance: 41
1.9983744621276855 187
29.927995920181274 9
Target: 92 Tollerance: 40
1.9983744621276855 187
29.927995920181274 9
Target: 92 Tollerance: 39
1.9983744621276855 187
29.927995920181274 9
Target: 92 Tollerance: 38
1.9983744621276855 187
29.927995920181274 9
Target: 92 Tollerance: 37
1.9983744621276855 187
29.927995920181274 9
Target: 92 Tollerance: 36
1.9983744621276855 187
29.927995920181274 9
Target: 92 Tollerance: 35
1.9983744621276855 187
29.927995920181274 9
Target: 92 Tollerance: 34
1.9983744621276855 187
29.927995920181274 9
Target: 92 Tollerance: 33
1.9983744621276855 187
29.927995920181274 9
Target: 92 Tollerance: 32
1.9983744621276855 187
29.927995920181274 9
Target: 92 Tollerance: 31
1.9983744621276855 187
29.927995920181274 9
Target: 92 Tollerance: 30
1.9983744621276855 187
29.927995920181274 9
Target: 92 Tollerance: 29
1.9983744621276855 187
29.927995920181274 9
Target: 92 Tollerance: 28
1.9983744621276855 187
29.927995920181274 9
Target: 92 Tollerance: 27
1.9983744621276855 187
29.927995920181274 9
Target: 92 Tollerance: 26
1.9983744621276855 187
29.927995920181274 9
Target: 92 Tollerance: 25
1.9983744621276855 187
29.927995920181274 9
Target: 92 Tollerance: 24
1.9983744621276855 187
29.927995920181274 9
Target: 92 Tollerance: 23
1.9983744621276855 187
29.927995920181274 9
Target: 92 Tollerance: 22
1.9983744621276855 187
29.927995920181274 9
Target: 92 Tollerance: 21
1.9983744621276855 187
29.927995920181274 9
Target: 92 Tollerance: 20
1.9983744621276855 187
29.927995920181274 9
Target: 92 Tollerance: 19
1.9983744621276855 187
29.927995920181274 9
Target: 92 Tollerance: 18
1.9983744621276855 187
29.927995920181274 9
Target: 92 Tollerance: 17
1.9983744621276855 187
29.927995920181274 9
Target: 92 Tollerance: 16
1.9983744621276855 187
29.927995920181274 9
Target: 92 Tollerance: 15
1.9983744621276855 187
29.927995920181274 9
Target: 92 Tollerance: 14
1.9983744621276855 187
29.927995920181274 9
Target: 92 Tollerance: 13
1.9983744621276855 187
29.927995920181274 9
Target: 92 Tollerance: 12
1.9983744621276855 187
29.927995920181274 9
Target: 92 Tollerance: 11
1.9983744621276855 187
29.927995920181274 9
Target: 92 Tollerance: 10
1.9983744621276855 187
29.927995920181274 9
Target: 92 Tollerance: 9
1.9983744621276855 187
29.927995920181274 9
Target: 92 Tollerance: 8
1.9983744621276855 187
29.927995920181274 9
Target: 92 Tollerance: 7
1.9983744621276855 187
29.927995920181274 9
Target: 92 Tollerance: 6
1.9983744621276855 187
29.927995920181274 9
15.96318519115448 85
8.980779826641083 146
12.471982508897781 122
14.21758385002613 108
Target: 92 Tollerance: 5
1.9983744621276855 187
29.927995920181274 9
15.96318519115448 85
8.980779826641083 146
12.471982508897781 122
14.21758385002613 108
15.090384520590305 98
Target: 92 Tollerance: 4
1.9983744621276855 187
29.927995920181274 9
15.96318519115448 85
8.980779826641083 146
12.471982508897781 122
14.21758385002613 108
15.090384520590305 98
Target: 92 Tollerance: 3
1.9983744621276855 187
29.927995920181274 9
15.96318519115448 85
8.980779826641083 146
12.471982508897781 122
14.21758385002613 108
15.090384520590305 98
Target: 92 Tollerance: 2
1.9983744621276855 187
29.927995920181274 9
15.96318519115448 85
8.980779826641083 146
12.471982508897781 122
14.21758385002613 108
15.090384520590305 98
Target: 92 Tollerance: 1
1.9983744621276855 187
29.927995920181274 9
15.96318519115448 85
8.980779826641083 146
12.471982508897781 122
14.21758385002613 108
15.090384520590305 98
Target: 92 Tollerance: 0
1.9983744621276855 187
29.927995920181274 9
15.96318519115448 85
8.980779826641083 146
12.471982508897781 122
14.21758385002613 108
15.090384520590305 98
15.526784855872393 91
15.308584688231349 96
15.41768477205187 94


92 15.472234813962132 0
